# Temperatura_=_70.84
# Concentracion g/m^3_=_20000.0
# C_Vs_to_Am_M_A/Vsm_=_65563218390.804596
# pendiente_HvsI_1/m_=_3716.3
# ordenada_HvsI_A/m_=_1297.0
# frecuencia_Hz_=_301785.1091306406

Tiempo_(s)	Campo_(V.s)	Magnetizacion_(V.s)	Campo_(kA/m)	Magnetizacion_(A/m)
0.000000e+00	-8.028792e-06	-4.432874e-08	-5.751820e+01	-2.908681e+03
1.000000e-08	-8.025270e-06	-4.431025e-08	-5.749298e+01	-2.907942e+03
2.000000e-08	-8.019094e-06	-4.428768e-08	-5.744873e+01	-2.906844e+03
3.000000e-08	-8.010322e-06	-4.426391e-08	-5.738589e+01	-2.905359e+03
4.000000e-08	-7.998732e-06	-4.423887e-08	-5.730286e+01	-2.903533e+03
5.000000e-08	-7.984209e-06	-4.421068e-08	-5.719881e+01	-2.901425e+03
6.000000e-08	-7.966883e-06	-4.417350e-08	-5.707469e+01	-2.899049e+03
7.000000e-08	-7.947104e-06	-4.412240e-08	-5.693300e+01	-2.896370e+03
8.000000e-08	-7.924866e-06	-4.409234e-08	-5.677368e+01	-2.893356e+03
9.000000e-08	-7.899598e-06	-4.408188e-08	-5.659267e+01	-2.890029e+03
1.000000e-07	-7.871101e-06	-4.402690e-08	-5.638851e+01	-2.886459e+03
1.100000e-07	-7.839658e-06	-4.395241e-08	-5.616325e+01	-2.882689e+03
1.200000e-07	-7.805356e-06	-4.388638e-08	-5.591751e+01	-2.878689e+03
1.300000e-07	-7.768411e-06	-4.381726e-08	-5.565284e+01	-2.874367e+03
1.400000e-07	-7.729261e-06	-4.371455e-08	-5.537237e+01	-2.869670e+03
1.500000e-07	-7.687833e-06	-4.362228e-08	-5.507558e+01	-2.864681e+03
1.600000e-07	-7.643601e-06	-4.356284e-08	-5.475870e+01	-2.859607e+03
1.700000e-07	-7.596620e-06	-4.344914e-08	-5.442213e+01	-2.854643e+03
1.800000e-07	-7.546923e-06	-4.339617e-08	-5.406610e+01	-2.849795e+03
1.900000e-07	-7.494166e-06	-4.330936e-08	-5.368815e+01	-2.844802e+03
2.000000e-07	-7.438520e-06	-4.317216e-08	-5.328951e+01	-2.839247e+03
2.100000e-07	-7.380152e-06	-4.307797e-08	-5.287135e+01	-2.832801e+03
2.200000e-07	-7.319181e-06	-4.294447e-08	-5.243456e+01	-2.825430e+03
2.300000e-07	-7.255643e-06	-4.284876e-08	-5.197938e+01	-2.817404e+03
2.400000e-07	-7.189305e-06	-4.273194e-08	-5.150413e+01	-2.809095e+03
2.500000e-07	-7.120263e-06	-4.258952e-08	-5.100951e+01	-2.800697e+03
2.600000e-07	-7.048583e-06	-4.245553e-08	-5.049599e+01	-2.792084e+03
2.700000e-07	-6.974180e-06	-4.231606e-08	-4.996298e+01	-2.782913e+03
2.800000e-07	-6.897086e-06	-4.215444e-08	-4.941067e+01	-2.772896e+03
2.900000e-07	-6.817222e-06	-4.196727e-08	-4.883853e+01	-2.762033e+03
3.000000e-07	-6.734832e-06	-4.182175e-08	-4.824829e+01	-2.750618e+03
3.100000e-07	-6.650239e-06	-4.166094e-08	-4.764226e+01	-2.739013e+03
3.200000e-07	-6.563431e-06	-4.148652e-08	-4.702037e+01	-2.727363e+03
3.300000e-07	-6.474297e-06	-4.130113e-08	-4.638182e+01	-2.715475e+03
3.400000e-07	-6.382817e-06	-4.108243e-08	-4.572646e+01	-2.702963e+03
3.500000e-07	-6.289033e-06	-4.087287e-08	-4.505458e+01	-2.689544e+03
3.600000e-07	-6.192961e-06	-4.066678e-08	-4.436633e+01	-2.675257e+03
3.700000e-07	-6.094589e-06	-4.045197e-08	-4.366159e+01	-2.660424e+03
3.800000e-07	-5.993960e-06	-4.022195e-08	-4.294069e+01	-2.645384e+03
3.900000e-07	-5.891216e-06	-3.999694e-08	-4.220463e+01	-2.630213e+03
4.000000e-07	-5.786393e-06	-3.976230e-08	-4.145368e+01	-2.614639e+03
4.100000e-07	-5.679494e-06	-3.950277e-08	-4.068785e+01	-2.598248e+03
4.200000e-07	-5.570534e-06	-3.922534e-08	-3.990727e+01	-2.580788e+03
4.300000e-07	-5.459529e-06	-3.894247e-08	-3.911203e+01	-2.562357e+03
4.400000e-07	-5.346415e-06	-3.867128e-08	-3.830168e+01	-2.543308e+03
4.500000e-07	-5.231215e-06	-3.838851e-08	-3.747638e+01	-2.523949e+03
4.600000e-07	-5.114039e-06	-3.808436e-08	-3.663694e+01	-2.504280e+03
4.700000e-07	-4.994933e-06	-3.775999e-08	-3.578366e+01	-2.483979e+03
4.800000e-07	-4.873951e-06	-3.742736e-08	-3.491695e+01	-2.462640e+03
4.900000e-07	-4.751225e-06	-3.708636e-08	-3.403774e+01	-2.440081e+03
5.000000e-07	-4.626811e-06	-3.673074e-08	-3.314644e+01	-2.416466e+03
5.100000e-07	-4.500723e-06	-3.636207e-08	-3.224314e+01	-2.392144e+03
5.200000e-07	-4.373043e-06	-3.598528e-08	-3.132845e+01	-2.367337e+03
5.300000e-07	-4.243783e-06	-3.560297e-08	-3.040243e+01	-2.341937e+03
5.400000e-07	-4.112976e-06	-3.520088e-08	-2.946533e+01	-2.315575e+03
5.500000e-07	-3.980697e-06	-3.477258e-08	-2.851768e+01	-2.287911e+03
5.600000e-07	-3.846938e-06	-3.432651e-08	-2.755943e+01	-2.258900e+03
5.700000e-07	-3.711713e-06	-3.387567e-08	-2.659068e+01	-2.228815e+03
5.800000e-07	-3.575094e-06	-3.341482e-08	-2.561195e+01	-2.197990e+03
5.900000e-07	-3.437098e-06	-3.293191e-08	-2.462335e+01	-2.166502e+03
6.000000e-07	-3.297806e-06	-3.242614e-08	-2.362546e+01	-2.134050e+03
6.100000e-07	-3.157279e-06	-3.190514e-08	-2.261873e+01	-2.100150e+03
6.200000e-07	-3.015418e-06	-3.136802e-08	-2.160243e+01	-2.064488e+03
6.300000e-07	-2.872237e-06	-3.080713e-08	-2.057668e+01	-2.027155e+03
6.400000e-07	-2.727968e-06	-3.022040e-08	-1.954315e+01	-1.988544e+03
6.500000e-07	-2.582788e-06	-2.961734e-08	-1.850307e+01	-1.949002e+03
6.600000e-07	-2.436781e-06	-2.900021e-08	-1.745708e+01	-1.908488e+03
6.700000e-07	-2.289912e-06	-2.835865e-08	-1.640491e+01	-1.866547e+03
6.800000e-07	-2.142201e-06	-2.768170e-08	-1.534672e+01	-1.822615e+03
6.900000e-07	-1.993814e-06	-2.697335e-08	-1.428367e+01	-1.776421e+03
7.000000e-07	-1.844776e-06	-2.624523e-08	-1.321596e+01	-1.728160e+03
7.100000e-07	-1.695061e-06	-2.549652e-08	-1.214341e+01	-1.678263e+03
7.200000e-07	-1.544701e-06	-2.471696e-08	-1.106623e+01	-1.626966e+03
7.300000e-07	-1.393754e-06	-2.389830e-08	-9.984845e+00	-1.574014e+03
7.400000e-07	-1.242327e-06	-2.304515e-08	-8.900019e+00	-1.518777e+03
7.500000e-07	-1.090545e-06	-2.215886e-08	-7.812653e+00	-1.460695e+03
7.600000e-07	-9.383022e-07	-2.123568e-08	-6.721990e+00	-1.399689e+03
7.700000e-07	-7.855539e-07	-2.027024e-08	-5.627703e+00	-1.336176e+03
7.800000e-07	-6.324964e-07	-1.926509e-08	-4.531200e+00	-1.270623e+03
7.900000e-07	-4.792155e-07	-1.822502e-08	-3.433097e+00	-1.202983e+03
8.000000e-07	-3.257947e-07	-1.714327e-08	-2.333991e+00	-1.132492e+03
8.100000e-07	-1.722242e-07	-1.600523e-08	-1.233813e+00	-1.058050e+03
8.200000e-07	-1.857452e-08	-1.480236e-08	-1.330677e-01	-9.789305e+02
8.300000e-07	1.350361e-07	-1.353770e-08	9.673975e-01	-8.952160e+02
8.400000e-07	2.885852e-07	-1.220906e-08	2.067422e+00	-8.075049e+02
8.500000e-07	4.420139e-07	-1.080244e-08	3.166584e+00	-7.159503e+02
8.600000e-07	5.952561e-07	-9.297668e-09	4.264410e+00	-6.192875e+02
8.700000e-07	7.482583e-07	-7.675735e-09	5.360517e+00	-5.146545e+02
8.800000e-07	9.010119e-07	-5.910265e-09	6.454843e+00	-3.985669e+02
8.900000e-07	1.053425e-06	-3.958628e-09	7.546731e+00	-2.686203e+02
9.000000e-07	1.205380e-06	-1.779856e-09	8.635335e+00	-1.249105e+02
9.100000e-07	1.356845e-06	5.885672e-10	9.720429e+00	2.975821e+01
9.200000e-07	1.507841e-06	3.046173e-09	1.080216e+01	1.910737e+02
9.300000e-07	1.658324e-06	5.519011e-09	1.188022e+01	3.550991e+02
9.400000e-07	1.808233e-06	7.969011e-09	1.295417e+01	5.196418e+02
9.500000e-07	1.957491e-06	1.040355e-08	1.402345e+01	6.842442e+02
9.600000e-07	2.106030e-06	1.285629e-08	1.508758e+01	8.488521e+02
9.700000e-07	2.253856e-06	1.532560e-08	1.614661e+01	1.012122e+03
9.800000e-07	2.400860e-06	1.775091e-08	1.719974e+01	1.170581e+03
9.900000e-07	2.546982e-06	2.001319e-08	1.824656e+01	1.319287e+03
1.000000e-06	2.692250e-06	2.201699e-08	1.928726e+01	1.453641e+03
1.010000e-06	2.836574e-06	2.376433e-08	2.032119e+01	1.571261e+03
1.020000e-06	2.979798e-06	2.529796e-08	2.134725e+01	1.672765e+03
1.030000e-06	3.121776e-06	2.665888e-08	2.236438e+01	1.761094e+03
1.040000e-06	3.262516e-06	2.787836e-08	2.337264e+01	1.839859e+03
1.050000e-06	3.402103e-06	2.897429e-08	2.437264e+01	1.911760e+03
1.060000e-06	3.540430e-06	2.996038e-08	2.536361e+01	1.977952e+03
1.070000e-06	3.677416e-06	3.085919e-08	2.634498e+01	2.038488e+03
1.080000e-06	3.813053e-06	3.169104e-08	2.731668e+01	2.093302e+03
1.090000e-06	3.947286e-06	3.246232e-08	2.827833e+01	2.142933e+03
1.100000e-06	4.080067e-06	3.317153e-08	2.922957e+01	2.188537e+03
1.110000e-06	4.211407e-06	3.382609e-08	3.017049e+01	2.231320e+03
1.120000e-06	4.341293e-06	3.443945e-08	3.110099e+01	2.271936e+03
1.130000e-06	4.469561e-06	3.501561e-08	3.201991e+01	2.310317e+03
1.140000e-06	4.596241e-06	3.555384e-08	3.292744e+01	2.346051e+03
1.150000e-06	4.721317e-06	3.605658e-08	3.382348e+01	2.378942e+03
1.160000e-06	4.844730e-06	3.652886e-08	3.470761e+01	2.409327e+03
1.170000e-06	4.966511e-06	3.697635e-08	3.558005e+01	2.437922e+03
1.180000e-06	5.086478e-06	3.740130e-08	3.643949e+01	2.465381e+03
1.190000e-06	5.204534e-06	3.780174e-08	3.728524e+01	2.491917e+03
1.200000e-06	5.320637e-06	3.817975e-08	3.811700e+01	2.517301e+03
1.210000e-06	5.434641e-06	3.854096e-08	3.893373e+01	2.541176e+03
1.220000e-06	5.546562e-06	3.889019e-08	3.973553e+01	2.563435e+03
1.230000e-06	5.656557e-06	3.922452e-08	4.052353e+01	2.584345e+03
1.240000e-06	5.764657e-06	3.953904e-08	4.129796e+01	2.604356e+03
1.250000e-06	5.870700e-06	3.983332e-08	4.205765e+01	2.623771e+03
1.260000e-06	5.974522e-06	4.011525e-08	4.280143e+01	2.642557e+03
1.270000e-06	6.076140e-06	4.038823e-08	4.352942e+01	2.660434e+03
1.280000e-06	6.175600e-06	4.064692e-08	4.424195e+01	2.677163e+03
1.290000e-06	6.272751e-06	4.089129e-08	4.493794e+01	2.692776e+03
1.300000e-06	6.367568e-06	4.112500e-08	4.561721e+01	2.707570e+03
1.310000e-06	6.460246e-06	4.134962e-08	4.628115e+01	2.721891e+03
1.320000e-06	6.550793e-06	4.156489e-08	4.692983e+01	2.735880e+03
1.330000e-06	6.638997e-06	4.176916e-08	4.756173e+01	2.749394e+03
1.340000e-06	6.724853e-06	4.196295e-08	4.817680e+01	2.762158e+03
1.350000e-06	6.808420e-06	4.215084e-08	4.877547e+01	2.774007e+03
1.360000e-06	6.889530e-06	4.233246e-08	4.935654e+01	2.785022e+03
1.370000e-06	6.968122e-06	4.250082e-08	4.991958e+01	2.795464e+03
1.380000e-06	7.044132e-06	4.265602e-08	5.046411e+01	2.805566e+03
1.390000e-06	7.117434e-06	4.280456e-08	5.098924e+01	2.815368e+03
1.400000e-06	7.188145e-06	4.294854e-08	5.149582e+01	2.824721e+03
1.410000e-06	7.256324e-06	4.308587e-08	5.198425e+01	2.833440e+03
1.420000e-06	7.321859e-06	4.321770e-08	5.245374e+01	2.841484e+03
1.430000e-06	7.384822e-06	4.334384e-08	5.290481e+01	2.848998e+03
1.440000e-06	7.445315e-06	4.346477e-08	5.333819e+01	2.856194e+03
1.450000e-06	7.503167e-06	4.357844e-08	5.375263e+01	2.863179e+03
1.460000e-06	7.558260e-06	4.368133e-08	5.414732e+01	2.869876e+03
1.470000e-06	7.610437e-06	4.377780e-08	5.452112e+01	2.876101e+03
1.480000e-06	7.659512e-06	4.387108e-08	5.487269e+01	2.881726e+03
1.490000e-06	7.705755e-06	4.396036e-08	5.520397e+01	2.886793e+03
1.500000e-06	7.749317e-06	4.404303e-08	5.551605e+01	2.891486e+03
1.510000e-06	7.790056e-06	4.411870e-08	5.580791e+01	2.895981e+03
1.520000e-06	7.828061e-06	4.418946e-08	5.608017e+01	2.900298e+03
1.530000e-06	7.863378e-06	4.425380e-08	5.633318e+01	2.904290e+03
1.540000e-06	7.895900e-06	4.431009e-08	5.656617e+01	2.907757e+03
1.550000e-06	7.925703e-06	4.435971e-08	5.677968e+01	2.910609e+03
1.560000e-06	7.952760e-06	4.440645e-08	5.697352e+01	2.912932e+03
1.570000e-06	7.976902e-06	4.444974e-08	5.714646e+01	2.914921e+03
1.580000e-06	7.998238e-06	4.448447e-08	5.729932e+01	2.916731e+03
1.590000e-06	8.016801e-06	4.451054e-08	5.743230e+01	2.918364e+03
1.600000e-06	8.032442e-06	4.453156e-08	5.754435e+01	2.919697e+03
1.610000e-06	8.045070e-06	4.455047e-08	5.763482e+01	2.920588e+03
1.620000e-06	8.054616e-06	4.456584e-08	5.770321e+01	2.921005e+03
1.630000e-06	8.061230e-06	4.457434e-08	5.775059e+01	2.921042e+03
1.640000e-06	8.065035e-06	4.457673e-08	5.777785e+01	2.920842e+03
1.650000e-06	8.065999e-06	4.457613e-08	5.778476e+01	2.920484e+03
1.660000e-06	8.064266e-06	4.457044e-08	5.777235e+01	2.919934e+03
1.670000e-06	8.059915e-06	4.455977e-08	5.774117e+01	2.919086e+03
1.680000e-06	8.052831e-06	4.454291e-08	5.769042e+01	2.917860e+03
1.690000e-06	8.043030e-06	4.452017e-08	5.762021e+01	2.916256e+03
1.700000e-06	8.030402e-06	4.449484e-08	5.752974e+01	2.914332e+03
1.710000e-06	8.014990e-06	4.446881e-08	5.741933e+01	2.912138e+03
1.720000e-06	7.997181e-06	4.444196e-08	5.729175e+01	2.909668e+03
1.730000e-06	7.977039e-06	4.438153e-08	5.714745e+01	2.906880e+03
1.740000e-06	7.953920e-06	4.428133e-08	5.698183e+01	2.903758e+03
1.750000e-06	7.927051e-06	4.422703e-08	5.678933e+01	2.900343e+03
1.760000e-06	7.896501e-06	4.418976e-08	5.657047e+01	2.896704e+03
1.770000e-06	7.863074e-06	4.413416e-08	5.633101e+01	2.892866e+03
1.780000e-06	7.827400e-06	4.408862e-08	5.607544e+01	2.888771e+03
1.790000e-06	7.789525e-06	4.405535e-08	5.580410e+01	2.884327e+03
1.800000e-06	7.749620e-06	4.394575e-08	5.551822e+01	2.879518e+03
1.810000e-06	7.707395e-06	4.388047e-08	5.521572e+01	2.874474e+03
1.820000e-06	7.662345e-06	4.384947e-08	5.489298e+01	2.869418e+03
1.830000e-06	7.614631e-06	4.374289e-08	5.455116e+01	2.864501e+03
1.840000e-06	7.563881e-06	4.371982e-08	5.418759e+01	2.859644e+03
1.850000e-06	7.510015e-06	4.360888e-08	5.380170e+01	2.854515e+03
1.860000e-06	7.453430e-06	4.354148e-08	5.339632e+01	2.848696e+03
1.870000e-06	7.394170e-06	4.349119e-08	5.297178e+01	2.841938e+03
1.880000e-06	7.332354e-06	4.333684e-08	5.252893e+01	2.834314e+03
1.890000e-06	7.267774e-06	4.324301e-08	5.206628e+01	2.826158e+03
1.900000e-06	7.200395e-06	4.308926e-08	5.158358e+01	2.817812e+03
1.910000e-06	7.130299e-06	4.296367e-08	5.108141e+01	2.809371e+03
1.920000e-06	7.057477e-06	4.282479e-08	5.055971e+01	2.800618e+03
1.930000e-06	6.982021e-06	4.269189e-08	5.001915e+01	2.791194e+03
1.940000e-06	6.903841e-06	4.255851e-08	4.945907e+01	2.780886e+03
1.950000e-06	6.823135e-06	4.236066e-08	4.888089e+01	2.769802e+03
1.960000e-06	6.739999e-06	4.221037e-08	4.828530e+01	2.758289e+03
1.970000e-06	6.654399e-06	4.199433e-08	4.767207e+01	2.746668e+03
1.980000e-06	6.566346e-06	4.181589e-08	4.704126e+01	2.734976e+03
1.990000e-06	6.475950e-06	4.164389e-08	4.639366e+01	2.722929e+03
2.000000e-06	6.383431e-06	4.144966e-08	4.573086e+01	2.710141e+03
2.010000e-06	6.288598e-06	4.125581e-08	4.505147e+01	2.696420e+03
2.020000e-06	6.191460e-06	4.102036e-08	4.435558e+01	2.681912e+03
2.030000e-06	6.092123e-06	4.080237e-08	4.364392e+01	2.666982e+03
2.040000e-06	5.990623e-06	4.055255e-08	4.291678e+01	2.651907e+03
2.050000e-06	5.886915e-06	4.032236e-08	4.217382e+01	2.636647e+03
2.060000e-06	5.781107e-06	4.007154e-08	4.141581e+01	2.620852e+03
2.070000e-06	5.673384e-06	3.982702e-08	4.064408e+01	2.604127e+03
2.080000e-06	5.563662e-06	3.956689e-08	3.985803e+01	2.586325e+03
2.090000e-06	5.451820e-06	3.927902e-08	3.905680e+01	2.567651e+03
2.100000e-06	5.337866e-06	3.898528e-08	3.824043e+01	2.548478e+03
2.110000e-06	5.221925e-06	3.867315e-08	3.740983e+01	2.529035e+03
2.120000e-06	5.103954e-06	3.837128e-08	3.656469e+01	2.509207e+03
2.130000e-06	4.983996e-06	3.805675e-08	3.570531e+01	2.488608e+03
2.140000e-06	4.862217e-06	3.773740e-08	3.483289e+01	2.466878e+03
2.150000e-06	4.738702e-06	3.739207e-08	3.394802e+01	2.443946e+03
2.160000e-06	4.613453e-06	3.703493e-08	3.305074e+01	2.420063e+03
2.170000e-06	4.486578e-06	3.665562e-08	3.214181e+01	2.395573e+03
2.180000e-06	4.358138e-06	3.626384e-08	3.122167e+01	2.370602e+03
2.190000e-06	4.228199e-06	3.586176e-08	3.029079e+01	2.344936e+03
2.200000e-06	4.096751e-06	3.545341e-08	2.934909e+01	2.318180e+03
2.210000e-06	3.963718e-06	3.503287e-08	2.839604e+01	2.290068e+03
2.220000e-06	3.829295e-06	3.459245e-08	2.743304e+01	2.260670e+03
2.230000e-06	3.693526e-06	3.413144e-08	2.646039e+01	2.230316e+03
2.240000e-06	3.556341e-06	3.365084e-08	2.547760e+01	2.199286e+03
2.250000e-06	3.417822e-06	3.316007e-08	2.448525e+01	2.167534e+03
2.260000e-06	3.278006e-06	3.265444e-08	2.348361e+01	2.134667e+03
2.270000e-06	3.136925e-06	3.213242e-08	2.247291e+01	2.100215e+03
2.280000e-06	2.994704e-06	3.158338e-08	2.145404e+01	2.063984e+03
2.290000e-06	2.851437e-06	3.101118e-08	2.042768e+01	2.026189e+03
2.300000e-06	2.707137e-06	3.041530e-08	1.939391e+01	1.987253e+03
2.310000e-06	2.561825e-06	2.980246e-08	1.835290e+01	1.947424e+03
2.320000e-06	2.415644e-06	2.916874e-08	1.730566e+01	1.906512e+03
2.330000e-06	2.268651e-06	2.851735e-08	1.625260e+01	1.863984e+03
2.340000e-06	2.120781e-06	2.784203e-08	1.519326e+01	1.819330e+03
2.350000e-06	1.972109e-06	2.713674e-08	1.412818e+01	1.772429e+03
2.360000e-06	1.822719e-06	2.639703e-08	1.305794e+01	1.723593e+03
2.370000e-06	1.672668e-06	2.562536e-08	1.198298e+01	1.673239e+03
2.380000e-06	1.522037e-06	2.482654e-08	1.090387e+01	1.621461e+03
2.390000e-06	1.370912e-06	2.399880e-08	9.821206e+00	1.567848e+03
2.400000e-06	1.219413e-06	2.314287e-08	8.735865e+00	1.511738e+03
2.410000e-06	1.067621e-06	2.225183e-08	7.648426e+00	1.452694e+03
2.420000e-06	9.154463e-07	2.132325e-08	6.558251e+00	1.390820e+03
2.430000e-06	7.629192e-07	2.035277e-08	5.465547e+00	1.326614e+03
2.440000e-06	6.101592e-07	1.934165e-08	4.371176e+00	1.260429e+03
2.450000e-06	4.571373e-07	1.828548e-08	3.274928e+00	1.191983e+03
2.460000e-06	3.038529e-07	1.717958e-08	2.176800e+00	1.120336e+03
2.470000e-06	1.503786e-07	1.602203e-08	1.077311e+00	1.044432e+03
2.480000e-06	-3.102814e-09	1.480781e-08	-2.222854e-02	9.637858e+02
2.490000e-06	-1.564894e-07	1.353075e-08	-1.121089e+00	8.787177e+02
2.500000e-06	-3.097324e-07	1.218188e-08	-2.218921e+00	7.898053e+02
2.510000e-06	-4.628199e-07	1.075193e-08	-3.315638e+00	6.968286e+02
2.520000e-06	-6.157707e-07	9.228095e-09	-4.411377e+00	5.979737e+02
2.530000e-06	-7.684548e-07	7.583823e-09	-5.505204e+00	4.900214e+02
2.540000e-06	-9.207628e-07	5.779882e-09	-6.596338e+00	3.696394e+02
2.550000e-06	-1.072704e-06	3.766294e-09	-7.684843e+00	2.351161e+02
2.560000e-06	-1.224308e-06	1.504471e-09	-8.770932e+00	8.746834e+01
2.570000e-06	-1.375561e-06	-9.530868e-10	-9.854507e+00	-6.982940e+01
2.580000e-06	-1.526396e-06	-3.481241e-09	-1.093509e+01	-2.323804e+02
2.590000e-06	-1.676668e-06	-6.015652e-09	-1.201164e+01	-3.967149e+02
2.600000e-06	-1.826281e-06	-8.557234e-09	-1.308346e+01	-5.612739e+02
2.610000e-06	-1.975226e-06	-1.110158e-08	-1.415051e+01	-7.259171e+02
2.620000e-06	-2.123470e-06	-1.363666e-08	-1.521252e+01	-8.903421e+02
2.630000e-06	-2.270922e-06	-1.615698e-08	-1.626887e+01	-1.052545e+03
2.640000e-06	-2.417504e-06	-1.860364e-08	-1.731898e+01	-1.208436e+03
2.650000e-06	-2.563227e-06	-2.083747e-08	-1.836294e+01	-1.352957e+03
2.660000e-06	-2.708018e-06	-2.278520e-08	-1.940022e+01	-1.482052e+03
2.670000e-06	-2.851834e-06	-2.448118e-08	-2.043052e+01	-1.594288e+03
2.680000e-06	-2.994653e-06	-2.597330e-08	-2.145367e+01	-1.691169e+03
2.690000e-06	-3.136343e-06	-2.729937e-08	-2.246874e+01	-1.776051e+03
2.700000e-06	-3.276810e-06	-2.848778e-08	-2.347504e+01	-1.852390e+03
2.710000e-06	-3.415993e-06	-2.955901e-08	-2.447215e+01	-1.922402e+03
2.720000e-06	-3.553817e-06	-3.053043e-08	-2.545952e+01	-1.986798e+03
2.730000e-06	-3.690257e-06	-3.141448e-08	-2.643698e+01	-2.045484e+03
2.740000e-06	-3.825370e-06	-3.222166e-08	-2.740492e+01	-2.098539e+03
2.750000e-06	-3.959169e-06	-3.296520e-08	-2.836346e+01	-2.146734e+03
2.760000e-06	-4.091562e-06	-3.365674e-08	-2.931192e+01	-2.191319e+03
2.770000e-06	-4.222475e-06	-3.430225e-08	-3.024978e+01	-2.233374e+03
2.780000e-06	-4.351914e-06	-3.490520e-08	-3.117708e+01	-2.273309e+03
2.790000e-06	-4.479852e-06	-3.546846e-08	-3.209363e+01	-2.310886e+03
2.800000e-06	-4.606220e-06	-3.599445e-08	-3.299893e+01	-2.345706e+03
2.810000e-06	-4.730885e-06	-3.648493e-08	-3.389202e+01	-2.377731e+03
2.820000e-06	-4.853799e-06	-3.694322e-08	-3.477258e+01	-2.407458e+03
2.830000e-06	-4.974969e-06	-3.737615e-08	-3.564064e+01	-2.435635e+03
2.840000e-06	-5.094323e-06	-3.778871e-08	-3.649570e+01	-2.462801e+03
2.850000e-06	-5.211757e-06	-3.818067e-08	-3.733699e+01	-2.489008e+03
2.860000e-06	-5.327034e-06	-3.855152e-08	-3.816283e+01	-2.513942e+03
2.870000e-06	-5.440109e-06	-3.890212e-08	-3.897290e+01	-2.537293e+03
2.880000e-06	-5.551071e-06	-3.923503e-08	-3.976783e+01	-2.559076e+03
2.890000e-06	-5.659960e-06	-3.955165e-08	-4.054791e+01	-2.579651e+03
2.900000e-06	-5.766921e-06	-3.985248e-08	-4.131418e+01	-2.599454e+03
2.910000e-06	-5.871961e-06	-4.013913e-08	-4.206669e+01	-2.618689e+03
2.920000e-06	-5.974919e-06	-4.041246e-08	-4.280428e+01	-2.637220e+03
2.930000e-06	-6.075635e-06	-4.067279e-08	-4.352580e+01	-2.654746e+03
2.940000e-06	-6.174159e-06	-4.092111e-08	-4.423163e+01	-2.671100e+03
2.950000e-06	-6.270600e-06	-4.115717e-08	-4.492254e+01	-2.686411e+03
2.960000e-06	-6.364860e-06	-4.138060e-08	-4.559781e+01	-2.701023e+03
2.970000e-06	-6.456794e-06	-4.159277e-08	-4.625643e+01	-2.715238e+03
2.980000e-06	-6.546443e-06	-4.179515e-08	-4.689867e+01	-2.729103e+03
2.990000e-06	-6.633834e-06	-4.198826e-08	-4.752474e+01	-2.742408e+03
3.000000e-06	-6.718818e-06	-4.217155e-08	-4.813356e+01	-2.754887e+03
3.010000e-06	-6.801395e-06	-4.234464e-08	-4.872515e+01	-2.766449e+03
3.020000e-06	-6.881553e-06	-4.250974e-08	-4.929940e+01	-2.777250e+03
3.030000e-06	-6.959086e-06	-4.266730e-08	-4.985484e+01	-2.787566e+03
3.040000e-06	-7.033935e-06	-4.281558e-08	-5.039106e+01	-2.797581e+03
3.050000e-06	-7.106198e-06	-4.295457e-08	-5.090875e+01	-2.807263e+03
3.060000e-06	-7.175923e-06	-4.308438e-08	-5.140826e+01	-2.816430e+03
3.070000e-06	-7.243115e-06	-4.320772e-08	-5.188963e+01	-2.824929e+03
3.080000e-06	-7.307809e-06	-4.332486e-08	-5.235309e+01	-2.832782e+03
3.090000e-06	-7.369914e-06	-4.343467e-08	-5.279801e+01	-2.840175e+03
3.100000e-06	-7.429326e-06	-4.353692e-08	-5.322364e+01	-2.847302e+03
3.110000e-06	-7.486026e-06	-4.363233e-08	-5.362984e+01	-2.854213e+03
3.120000e-06	-7.539915e-06	-4.372199e-08	-5.401590e+01	-2.860781e+03
3.130000e-06	-7.590848e-06	-4.380607e-08	-5.438078e+01	-2.866822e+03
3.140000e-06	-7.638689e-06	-4.388402e-08	-5.472351e+01	-2.872256e+03
3.150000e-06	-7.683748e-06	-4.395554e-08	-5.504632e+01	-2.877182e+03
3.160000e-06	-7.726340e-06	-4.402106e-08	-5.535144e+01	-2.881800e+03
3.170000e-06	-7.766334e-06	-4.408218e-08	-5.563796e+01	-2.886246e+03
3.180000e-06	-7.803545e-06	-4.413733e-08	-5.590454e+01	-2.890483e+03
3.190000e-06	-7.838013e-06	-4.418468e-08	-5.615147e+01	-2.894327e+03
3.200000e-06	-7.869765e-06	-4.422591e-08	-5.637894e+01	-2.897600e+03
3.210000e-06	-7.898643e-06	-4.426396e-08	-5.658582e+01	-2.900267e+03
3.220000e-06	-7.924678e-06	-4.429668e-08	-5.677233e+01	-2.902462e+03
3.230000e-06	-7.947939e-06	-4.432143e-08	-5.693898e+01	-2.904385e+03
3.240000e-06	-7.968407e-06	-4.433823e-08	-5.708561e+01	-2.906147e+03
3.250000e-06	-7.986104e-06	-4.434987e-08	-5.721239e+01	-2.907704e+03
3.260000e-06	-8.000867e-06	-4.435955e-08	-5.731816e+01	-2.908908e+03
3.270000e-06	-8.012516e-06	-4.436801e-08	-5.740161e+01	-2.909646e+03
3.280000e-06	-8.021221e-06	-4.437241e-08	-5.746397e+01	-2.909928e+03
3.290000e-06	-8.027074e-06	-4.436873e-08	-5.750590e+01	-2.909876e+03
3.300000e-06	-8.030115e-06	-4.435913e-08	-5.752769e+01	-2.909625e+03
3.310000e-06	-8.030399e-06	-4.434490e-08	-5.752972e+01	-2.909216e+03
