# Temperatura_=_85.97
# Concentracion g/m^3_=_20000.0
# C_Vs_to_Am_M_A/Vsm_=_65563218390.804596
# pendiente_HvsI_1/m_=_3716.3
# ordenada_HvsI_A/m_=_1297.0
# frecuencia_Hz_=_301768.05343309784

Tiempo_(s)	Campo_(V.s)	Magnetizacion_(V.s)	Campo_(kA/m)	Magnetizacion_(A/m)
0.000000e+00	-7.993360e-06	-4.089965e-08	-5.752140e+01	-2.683784e+03
1.000000e-08	-7.989336e-06	-4.089236e-08	-5.749244e+01	-2.683117e+03
2.000000e-08	-7.982723e-06	-4.087823e-08	-5.744485e+01	-2.682245e+03
3.000000e-08	-7.973546e-06	-4.086215e-08	-5.737881e+01	-2.681188e+03
4.000000e-08	-7.961604e-06	-4.084328e-08	-5.729287e+01	-2.679912e+03
5.000000e-08	-7.946775e-06	-4.081895e-08	-5.718616e+01	-2.678323e+03
6.000000e-08	-7.929082e-06	-4.078199e-08	-5.705884e+01	-2.676337e+03
7.000000e-08	-7.908903e-06	-4.073138e-08	-5.691363e+01	-2.673967e+03
8.000000e-08	-7.886212e-06	-4.074425e-08	-5.675034e+01	-2.671355e+03
9.000000e-08	-7.860360e-06	-4.077397e-08	-5.656430e+01	-2.668685e+03
1.000000e-07	-7.831264e-06	-4.069823e-08	-5.635493e+01	-2.666037e+03
1.100000e-07	-7.799337e-06	-4.060884e-08	-5.612518e+01	-2.663293e+03
1.200000e-07	-7.764640e-06	-4.056222e-08	-5.587549e+01	-2.660202e+03
1.300000e-07	-7.727410e-06	-4.050105e-08	-5.560758e+01	-2.656574e+03
1.400000e-07	-7.688120e-06	-4.036758e-08	-5.532484e+01	-2.652461e+03
1.500000e-07	-7.646460e-06	-4.033208e-08	-5.502505e+01	-2.648180e+03
1.600000e-07	-7.601919e-06	-4.032512e-08	-5.470452e+01	-2.644112e+03
1.700000e-07	-7.554739e-06	-4.017757e-08	-5.436501e+01	-2.640422e+03
1.800000e-07	-7.504799e-06	-4.019520e-08	-5.400563e+01	-2.636899e+03
1.900000e-07	-7.451737e-06	-4.010386e-08	-5.362379e+01	-2.633055e+03
2.000000e-07	-7.395871e-06	-3.995313e-08	-5.322177e+01	-2.628430e+03
2.100000e-07	-7.337280e-06	-3.990057e-08	-5.280014e+01	-2.622887e+03
2.200000e-07	-7.276074e-06	-3.978448e-08	-5.235969e+01	-2.616668e+03
2.300000e-07	-7.212284e-06	-3.974733e-08	-5.190066e+01	-2.610177e+03
2.400000e-07	-7.145694e-06	-3.961501e-08	-5.142146e+01	-2.603642e+03
2.500000e-07	-7.076487e-06	-3.949806e-08	-5.092344e+01	-2.596933e+03
2.600000e-07	-7.004715e-06	-3.938773e-08	-5.040696e+01	-2.589672e+03
2.700000e-07	-6.930240e-06	-3.925540e-08	-4.987103e+01	-2.581561e+03
2.800000e-07	-6.853074e-06	-3.912251e-08	-4.931573e+01	-2.572656e+03
2.900000e-07	-6.773188e-06	-3.895927e-08	-4.874086e+01	-2.563373e+03
3.000000e-07	-6.690718e-06	-3.886839e-08	-4.814739e+01	-2.554179e+03
3.100000e-07	-6.605987e-06	-3.872847e-08	-4.753765e+01	-2.545225e+03
3.200000e-07	-6.519087e-06	-3.858962e-08	-4.691231e+01	-2.536188e+03
3.300000e-07	-6.429877e-06	-3.841943e-08	-4.627034e+01	-2.526482e+03
3.400000e-07	-6.338307e-06	-3.822231e-08	-4.561139e+01	-2.515674e+03
3.500000e-07	-6.244457e-06	-3.807063e-08	-4.493603e+01	-2.503810e+03
3.600000e-07	-6.148370e-06	-3.790353e-08	-4.424458e+01	-2.491380e+03
3.700000e-07	-6.050014e-06	-3.771876e-08	-4.353679e+01	-2.478956e+03
3.800000e-07	-5.949403e-06	-3.751477e-08	-4.281278e+01	-2.466754e+03
3.900000e-07	-5.846674e-06	-3.733033e-08	-4.207353e+01	-2.454471e+03
4.000000e-07	-5.741915e-06	-3.712836e-08	-4.131966e+01	-2.441502e+03
4.100000e-07	-5.635167e-06	-3.690352e-08	-4.055149e+01	-2.427381e+03
4.200000e-07	-5.526370e-06	-3.666785e-08	-3.976857e+01	-2.412105e+03
4.300000e-07	-5.415481e-06	-3.643338e-08	-3.897060e+01	-2.396098e+03
4.400000e-07	-5.302540e-06	-3.620788e-08	-3.815786e+01	-2.379854e+03
4.500000e-07	-5.187572e-06	-3.595951e-08	-3.733053e+01	-2.363544e+03
4.600000e-07	-5.070593e-06	-3.568761e-08	-3.648873e+01	-2.346893e+03
4.700000e-07	-4.951723e-06	-3.540190e-08	-3.563333e+01	-2.329407e+03
4.800000e-07	-4.830990e-06	-3.512155e-08	-3.476451e+01	-2.310762e+03
4.900000e-07	-4.708495e-06	-3.483486e-08	-3.388302e+01	-2.291029e+03
5.000000e-07	-4.584301e-06	-3.452694e-08	-3.298930e+01	-2.270565e+03
5.100000e-07	-4.458443e-06	-3.419976e-08	-3.208361e+01	-2.249677e+03
5.200000e-07	-4.331098e-06	-3.387309e-08	-3.116722e+01	-2.228329e+03
5.300000e-07	-4.202210e-06	-3.354112e-08	-3.023972e+01	-2.206150e+03
5.400000e-07	-4.071791e-06	-3.318229e-08	-2.930121e+01	-2.182735e+03
5.500000e-07	-3.939832e-06	-3.279594e-08	-2.835161e+01	-2.157972e+03
5.600000e-07	-3.806383e-06	-3.240350e-08	-2.739129e+01	-2.132135e+03
5.700000e-07	-3.671546e-06	-3.201238e-08	-2.642098e+01	-2.105633e+03
5.800000e-07	-3.535306e-06	-3.160340e-08	-2.544058e+01	-2.078641e+03
5.900000e-07	-3.397773e-06	-3.116438e-08	-2.445088e+01	-2.050899e+03
6.000000e-07	-3.259039e-06	-3.070603e-08	-2.345252e+01	-2.021870e+03
6.100000e-07	-3.119013e-06	-3.024208e-08	-2.244487e+01	-1.991137e+03
6.200000e-07	-2.977627e-06	-2.976213e-08	-2.142744e+01	-1.958707e+03
6.300000e-07	-2.834982e-06	-2.925527e-08	-2.040095e+01	-1.924975e+03
6.400000e-07	-2.691241e-06	-2.872094e-08	-1.936656e+01	-1.890357e+03
6.500000e-07	-2.546550e-06	-2.817485e-08	-1.832535e+01	-1.854890e+03
6.600000e-07	-2.400947e-06	-2.761208e-08	-1.727757e+01	-1.818134e+03
6.700000e-07	-2.254446e-06	-2.701712e-08	-1.622332e+01	-1.779460e+03
6.800000e-07	-2.107156e-06	-2.638676e-08	-1.516341e+01	-1.738511e+03
6.900000e-07	-1.959213e-06	-2.573302e-08	-1.409879e+01	-1.695434e+03
7.000000e-07	-1.810637e-06	-2.506173e-08	-1.302961e+01	-1.650691e+03
7.100000e-07	-1.661435e-06	-2.436072e-08	-1.195593e+01	-1.604582e+03
7.200000e-07	-1.511726e-06	-2.361950e-08	-1.087860e+01	-1.556881e+03
7.300000e-07	-1.361495e-06	-2.283959e-08	-9.797515e+00	-1.506904e+03
7.400000e-07	-1.210752e-06	-2.203294e-08	-8.712751e+00	-1.453983e+03
7.500000e-07	-1.059551e-06	-2.119293e-08	-7.624683e+00	-1.397966e+03
7.600000e-07	-9.078782e-07	-2.030876e-08	-6.533225e+00	-1.339287e+03
7.700000e-07	-7.558271e-07	-1.937622e-08	-5.439043e+00	-1.278511e+03
7.800000e-07	-6.035418e-07	-1.840192e-08	-4.343175e+00	-1.215677e+03
7.900000e-07	-4.510476e-07	-1.738592e-08	-3.245805e+00	-1.149986e+03
8.000000e-07	-2.983915e-07	-1.631383e-08	-2.147269e+00	-1.080176e+03
8.100000e-07	-1.455935e-07	-1.517425e-08	-1.047712e+00	-1.005321e+03
8.200000e-07	7.277430e-09	-1.396920e-08	5.236945e-02	-9.254469e+02
8.300000e-07	1.600890e-07	-1.270334e-08	1.152024e+00	-8.413339e+02
8.400000e-07	3.128356e-07	-1.136055e-08	2.251211e+00	-7.535029e+02
8.500000e-07	4.654438e-07	-9.918806e-09	3.349402e+00	-6.610344e+02
8.600000e-07	6.178897e-07	-8.360760e-09	4.446425e+00	-5.611505e+02
8.700000e-07	7.701291e-07	-6.665127e-09	5.541962e+00	-4.500807e+02
8.800000e-07	9.220384e-07	-4.785438e-09	6.635124e+00	-3.248716e+02
8.900000e-07	1.073620e-06	-2.667291e-09	7.725929e+00	-1.850774e+02
9.000000e-07	1.224852e-06	-3.419917e-10	8.814212e+00	-3.323451e+01
9.100000e-07	1.375586e-06	2.080576e-09	9.898916e+00	1.262419e+02
9.200000e-07	1.525831e-06	4.534802e-09	1.098011e+01	2.890663e+02
9.300000e-07	1.675648e-06	6.990909e-09	1.205821e+01	4.527046e+02
9.400000e-07	1.824896e-06	9.422509e-09	1.313222e+01	6.165598e+02
9.500000e-07	1.973437e-06	1.184217e-08	1.420114e+01	7.806443e+02
9.600000e-07	2.121233e-06	1.428173e-08	1.526470e+01	9.437004e+02
9.700000e-07	2.268292e-06	1.671384e-08	1.632296e+01	1.102123e+03
9.800000e-07	2.414565e-06	1.899186e-08	1.737556e+01	1.250519e+03
9.900000e-07	2.559933e-06	2.097894e-08	1.842166e+01	1.383641e+03
1.000000e-06	2.704293e-06	2.267079e-08	1.946049e+01	1.498547e+03
1.010000e-06	2.847602e-06	2.412581e-08	2.049176e+01	1.595666e+03
1.020000e-06	2.989843e-06	2.539554e-08	2.151535e+01	1.678220e+03
1.030000e-06	3.130965e-06	2.651734e-08	2.253088e+01	1.750428e+03
1.040000e-06	3.270851e-06	2.751457e-08	2.353753e+01	1.815647e+03
1.050000e-06	3.409498e-06	2.840649e-08	2.453525e+01	1.875467e+03
1.060000e-06	3.546953e-06	2.921440e-08	2.552440e+01	1.930056e+03
1.070000e-06	3.683097e-06	2.995606e-08	2.650411e+01	1.979224e+03
1.080000e-06	3.817838e-06	3.063823e-08	2.747372e+01	2.023329e+03
1.090000e-06	3.951167e-06	3.126356e-08	2.843318e+01	2.063440e+03
1.100000e-06	4.083067e-06	3.183927e-08	2.938235e+01	2.100812e+03
1.110000e-06	4.213555e-06	3.237404e-08	3.032136e+01	2.136200e+03
1.120000e-06	4.342556e-06	3.287254e-08	3.124967e+01	2.169614e+03
1.130000e-06	4.470014e-06	3.333548e-08	3.216688e+01	2.200638e+03
1.140000e-06	4.595935e-06	3.376650e-08	3.307303e+01	2.229028e+03
1.150000e-06	4.720277e-06	3.417355e-08	3.396781e+01	2.255088e+03
1.160000e-06	4.842992e-06	3.456068e-08	3.485088e+01	2.279559e+03
1.170000e-06	4.963912e-06	3.492684e-08	3.572104e+01	2.303152e+03
1.180000e-06	5.082975e-06	3.527345e-08	3.657783e+01	2.326113e+03
1.190000e-06	5.200161e-06	3.560030e-08	3.742112e+01	2.348172e+03
1.200000e-06	5.315284e-06	3.591313e-08	3.824957e+01	2.368868e+03
1.210000e-06	5.428304e-06	3.621198e-08	3.906288e+01	2.387976e+03
1.220000e-06	5.539376e-06	3.649328e-08	3.986216e+01	2.405710e+03
1.230000e-06	5.648536e-06	3.675811e-08	4.064770e+01	2.422561e+03
1.240000e-06	5.755710e-06	3.700882e-08	4.141893e+01	2.438938e+03
1.250000e-06	5.860765e-06	3.724990e-08	4.217492e+01	2.454920e+03
1.260000e-06	5.963676e-06	3.748217e-08	4.291549e+01	2.470286e+03
1.270000e-06	6.064532e-06	3.770482e-08	4.364126e+01	2.484772e+03
1.280000e-06	6.163187e-06	3.791803e-08	4.435120e+01	2.498319e+03
1.290000e-06	6.259541e-06	3.812132e-08	4.504458e+01	2.511121e+03
1.300000e-06	6.353718e-06	3.831517e-08	4.572229e+01	2.523437e+03
1.310000e-06	6.445737e-06	3.849946e-08	4.638447e+01	2.535366e+03
1.320000e-06	6.535433e-06	3.867230e-08	4.702994e+01	2.546778e+03
1.330000e-06	6.622783e-06	3.883660e-08	4.765852e+01	2.557457e+03
1.340000e-06	6.707862e-06	3.899418e-08	4.827076e+01	2.567322e+03
1.350000e-06	6.790612e-06	3.914580e-08	4.886624e+01	2.576541e+03
1.360000e-06	6.870915e-06	3.929163e-08	4.944411e+01	2.585427e+03
1.370000e-06	6.948717e-06	3.943125e-08	5.000399e+01	2.594201e+03
1.380000e-06	7.023886e-06	3.956422e-08	5.054492e+01	2.602819e+03
1.390000e-06	7.096363e-06	3.969002e-08	5.106647e+01	2.611008e+03
1.400000e-06	7.166377e-06	3.980838e-08	5.157030e+01	2.618484e+03
1.410000e-06	7.233911e-06	3.991889e-08	5.205629e+01	2.625177e+03
1.420000e-06	7.298817e-06	4.002196e-08	5.252336e+01	2.631301e+03
1.430000e-06	7.361198e-06	4.011962e-08	5.297226e+01	2.637200e+03
1.440000e-06	7.421073e-06	4.021533e-08	5.340313e+01	2.643103e+03
1.450000e-06	7.478323e-06	4.030959e-08	5.381511e+01	2.648979e+03
1.460000e-06	7.532817e-06	4.040041e-08	5.420725e+01	2.654585e+03
1.470000e-06	7.584233e-06	4.048566e-08	5.457725e+01	2.659666e+03
1.480000e-06	7.632576e-06	4.056445e-08	5.492514e+01	2.664140e+03
1.490000e-06	7.678175e-06	4.063534e-08	5.525328e+01	2.668134e+03
1.500000e-06	7.721069e-06	4.069764e-08	5.556194e+01	2.671857e+03
1.510000e-06	7.761201e-06	4.075335e-08	5.585074e+01	2.675433e+03
1.520000e-06	7.798657e-06	4.080660e-08	5.612029e+01	2.678819e+03
1.530000e-06	7.833416e-06	4.085852e-08	5.637041e+01	2.681870e+03
1.540000e-06	7.865375e-06	4.090669e-08	5.660039e+01	2.684477e+03
1.550000e-06	7.894646e-06	4.094965e-08	5.681103e+01	2.686661e+03
1.560000e-06	7.921135e-06	4.098644e-08	5.700165e+01	2.688546e+03
1.570000e-06	7.944713e-06	4.101906e-08	5.717132e+01	2.690255e+03
1.580000e-06	7.965544e-06	4.104785e-08	5.732123e+01	2.691811e+03
1.590000e-06	7.983581e-06	4.107086e-08	5.745102e+01	2.693136e+03
1.600000e-06	7.998677e-06	4.108712e-08	5.755966e+01	2.694127e+03
1.610000e-06	8.010757e-06	4.109832e-08	5.764659e+01	2.694746e+03
1.620000e-06	8.019813e-06	4.110973e-08	5.771176e+01	2.695045e+03
1.630000e-06	8.026044e-06	4.112128e-08	5.775659e+01	2.695110e+03
1.640000e-06	8.029438e-06	4.112883e-08	5.778102e+01	2.694993e+03
1.650000e-06	8.029958e-06	4.113212e-08	5.778476e+01	2.694690e+03
1.660000e-06	8.027818e-06	4.112200e-08	5.776936e+01	2.694172e+03
1.670000e-06	8.023001e-06	4.110655e-08	5.773469e+01	2.693435e+03
1.680000e-06	8.015437e-06	4.109247e-08	5.768026e+01	2.692501e+03
1.690000e-06	8.005181e-06	4.107356e-08	5.760646e+01	2.691378e+03
1.700000e-06	7.992101e-06	4.105319e-08	5.751233e+01	2.690011e+03
1.710000e-06	7.976389e-06	4.103856e-08	5.739927e+01	2.688299e+03
1.720000e-06	7.958404e-06	4.103541e-08	5.726984e+01	2.686180e+03
1.730000e-06	7.937943e-06	4.095629e-08	5.712261e+01	2.683710e+03
1.740000e-06	7.914361e-06	4.082050e-08	5.695291e+01	2.681059e+03
1.750000e-06	7.886975e-06	4.080038e-08	5.675583e+01	2.678394e+03
1.760000e-06	7.855946e-06	4.079814e-08	5.653254e+01	2.675735e+03
1.770000e-06	7.822234e-06	4.074947e-08	5.628995e+01	2.672907e+03
1.780000e-06	7.786384e-06	4.074918e-08	5.603197e+01	2.669653e+03
1.790000e-06	7.748415e-06	4.076566e-08	5.575874e+01	2.665847e+03
1.800000e-06	7.708379e-06	4.057669e-08	5.547063e+01	2.661635e+03
1.810000e-06	7.665896e-06	4.055934e-08	5.516491e+01	2.657384e+03
1.820000e-06	7.620637e-06	4.055581e-08	5.483922e+01	2.653434e+03
1.830000e-06	7.572681e-06	4.042130e-08	5.449413e+01	2.649837e+03
1.840000e-06	7.521570e-06	4.048591e-08	5.412632e+01	2.646267e+03
1.850000e-06	7.467482e-06	4.034186e-08	5.373710e+01	2.642209e+03
1.860000e-06	7.410753e-06	4.034143e-08	5.332887e+01	2.637283e+03
1.870000e-06	7.351360e-06	4.027137e-08	5.290147e+01	2.631480e+03
1.880000e-06	7.289387e-06	4.009969e-08	5.245550e+01	2.625129e+03
1.890000e-06	7.224600e-06	4.007930e-08	5.198929e+01	2.618613e+03
1.900000e-06	7.157106e-06	3.990445e-08	5.150358e+01	2.612051e+03
1.910000e-06	7.086836e-06	3.986476e-08	5.099791e+01	2.605208e+03
1.920000e-06	7.013866e-06	3.972878e-08	5.047281e+01	2.597691e+03
1.930000e-06	6.938338e-06	3.960114e-08	4.992930e+01	2.589296e+03
1.940000e-06	6.860103e-06	3.948730e-08	4.936631e+01	2.580212e+03
1.950000e-06	6.779394e-06	3.929725e-08	4.878552e+01	2.570913e+03
1.960000e-06	6.696231e-06	3.921564e-08	4.818706e+01	2.561801e+03
1.970000e-06	6.610567e-06	3.901107e-08	4.757061e+01	2.552873e+03
1.980000e-06	6.522521e-06	3.890910e-08	4.693702e+01	2.543685e+03
1.990000e-06	6.432281e-06	3.875882e-08	4.628764e+01	2.533650e+03
2.000000e-06	6.339861e-06	3.858438e-08	4.562257e+01	2.522470e+03
2.010000e-06	6.245071e-06	3.840640e-08	4.494045e+01	2.510355e+03
2.020000e-06	6.148069e-06	3.818652e-08	4.424241e+01	2.497872e+03
2.030000e-06	6.048972e-06	3.802753e-08	4.352929e+01	2.485519e+03
2.040000e-06	5.947699e-06	3.781888e-08	4.280052e+01	2.473345e+03
2.050000e-06	5.844161e-06	3.765179e-08	4.205544e+01	2.460908e+03
2.060000e-06	5.738560e-06	3.742462e-08	4.129552e+01	2.447599e+03
2.070000e-06	5.630995e-06	3.722162e-08	4.052147e+01	2.433080e+03
2.080000e-06	5.521371e-06	3.698786e-08	3.973260e+01	2.417508e+03
2.090000e-06	5.409631e-06	3.674175e-08	3.892850e+01	2.401378e+03
2.100000e-06	5.295853e-06	3.648364e-08	3.810974e+01	2.385115e+03
2.110000e-06	5.180124e-06	3.621796e-08	3.727694e+01	2.368741e+03
2.120000e-06	5.062353e-06	3.597582e-08	3.642944e+01	2.351873e+03
2.130000e-06	4.942572e-06	3.570243e-08	3.556747e+01	2.334031e+03
2.140000e-06	4.820942e-06	3.542468e-08	3.469221e+01	2.315007e+03
2.150000e-06	4.697625e-06	3.511283e-08	3.380480e+01	2.294992e+03
2.160000e-06	4.572648e-06	3.481222e-08	3.290544e+01	2.274370e+03
2.170000e-06	4.446046e-06	3.448380e-08	3.199440e+01	2.253355e+03
2.180000e-06	4.317904e-06	3.414755e-08	3.107227e+01	2.231788e+03
2.190000e-06	4.188267e-06	3.378940e-08	3.013938e+01	2.209245e+03
2.200000e-06	4.057070e-06	3.343124e-08	2.919527e+01	2.185387e+03
2.210000e-06	3.924391e-06	3.306147e-08	2.824050e+01	2.160233e+03
2.220000e-06	3.790376e-06	3.267082e-08	2.727610e+01	2.134139e+03
2.230000e-06	3.654973e-06	3.226257e-08	2.630172e+01	2.107480e+03
2.240000e-06	3.518225e-06	3.183722e-08	2.531766e+01	2.080293e+03
2.250000e-06	3.380237e-06	3.140860e-08	2.432468e+01	2.052196e+03
2.260000e-06	3.240943e-06	3.095953e-08	2.332230e+01	2.022646e+03
2.270000e-06	3.100376e-06	3.048794e-08	2.231076e+01	1.991341e+03
2.280000e-06	2.958702e-06	2.998660e-08	2.129126e+01	1.958437e+03
2.290000e-06	2.815919e-06	2.947289e-08	2.026377e+01	1.924385e+03
2.300000e-06	2.672074e-06	2.894054e-08	1.922864e+01	1.889513e+03
2.310000e-06	2.527303e-06	2.838830e-08	1.818684e+01	1.853696e+03
2.320000e-06	2.381621e-06	2.780802e-08	1.713849e+01	1.816386e+03
2.330000e-06	2.235074e-06	2.720973e-08	1.608392e+01	1.776994e+03
2.340000e-06	2.087723e-06	2.658808e-08	1.502356e+01	1.735321e+03
2.350000e-06	1.939550e-06	2.593570e-08	1.395729e+01	1.691653e+03
2.360000e-06	1.790667e-06	2.524726e-08	1.288590e+01	1.646457e+03
2.370000e-06	1.641266e-06	2.452757e-08	1.181079e+01	1.599887e+03
2.380000e-06	1.491419e-06	2.378096e-08	1.073247e+01	1.551538e+03
2.390000e-06	1.341053e-06	2.300220e-08	9.650415e+00	1.500668e+03
2.400000e-06	1.190164e-06	2.218389e-08	8.564591e+00	1.446735e+03
2.410000e-06	1.038839e-06	2.132495e-08	7.475641e+00	1.389793e+03
2.420000e-06	8.870793e-07	2.043143e-08	6.383553e+00	1.330390e+03
2.430000e-06	7.349663e-07	1.950014e-08	5.288925e+00	1.268986e+03
2.440000e-06	5.826135e-07	1.852365e-08	4.192572e+00	1.205355e+03
2.450000e-06	4.300663e-07	1.748923e-08	3.094820e+00	1.138477e+03
2.460000e-06	2.774021e-07	1.639801e-08	1.996226e+00	1.067105e+03
2.470000e-06	1.246765e-07	1.524612e-08	8.971906e-01	9.905826e+02
2.480000e-06	-2.806248e-08	1.402901e-08	-2.019417e-01	9.092456e+02
2.490000e-06	-1.807926e-07	1.273605e-08	-1.301010e+00	8.239275e+02
2.500000e-06	-3.334577e-07	1.136154e-08	-2.399611e+00	7.347964e+02
2.510000e-06	-4.859962e-07	9.898013e-09	-3.497300e+00	6.403226e+02
2.520000e-06	-6.383933e-07	8.323849e-09	-4.593972e+00	5.372537e+02
2.530000e-06	-7.905901e-07	6.596776e-09	-5.689202e+00	4.218652e+02
2.540000e-06	-9.423973e-07	4.663364e-09	-6.781629e+00	2.918657e+02
2.550000e-06	-1.093787e-06	2.471625e-09	-7.871052e+00	1.477944e+02
2.560000e-06	-1.244740e-06	4.691142e-11	-8.957329e+00	-7.022053e+00
2.570000e-06	-1.395158e-06	-2.475322e-09	-1.003976e+01	-1.679820e+02
2.580000e-06	-1.545111e-06	-4.999612e-09	-1.111884e+01	-3.312409e+02
2.590000e-06	-1.694548e-06	-7.520515e-09	-1.219421e+01	-4.949492e+02
2.600000e-06	-1.843309e-06	-1.004965e-08	-1.326472e+01	-6.589039e+02
2.610000e-06	-1.991397e-06	-1.258099e-08	-1.433039e+01	-8.229018e+02
2.620000e-06	-2.138801e-06	-1.510062e-08	-1.539112e+01	-9.849772e+02
2.630000e-06	-2.285386e-06	-1.755591e-08	-1.644598e+01	-1.140807e+03
2.640000e-06	-2.431102e-06	-1.979553e-08	-1.749457e+01	-1.284795e+03
2.650000e-06	-2.575996e-06	-2.171295e-08	-1.853725e+01	-1.412230e+03
2.660000e-06	-2.720005e-06	-2.334808e-08	-1.957355e+01	-1.521212e+03
2.670000e-06	-2.862980e-06	-2.476466e-08	-2.060243e+01	-1.613210e+03
2.680000e-06	-3.004950e-06	-2.600403e-08	-2.162406e+01	-1.691990e+03
2.690000e-06	-3.145839e-06	-2.709621e-08	-2.263792e+01	-1.761666e+03
2.700000e-06	-3.285496e-06	-2.806786e-08	-2.364292e+01	-1.825064e+03
2.710000e-06	-3.423839e-06	-2.894245e-08	-2.463845e+01	-1.883228e+03
2.720000e-06	-3.560860e-06	-2.973477e-08	-2.562447e+01	-1.936083e+03
2.730000e-06	-3.696555e-06	-3.045541e-08	-2.660095e+01	-1.983548e+03
2.740000e-06	-3.830828e-06	-3.111511e-08	-2.756720e+01	-2.026230e+03
2.750000e-06	-3.963703e-06	-3.172672e-08	-2.852339e+01	-2.065339e+03
2.760000e-06	-4.095210e-06	-3.229565e-08	-2.946973e+01	-2.102029e+03
2.770000e-06	-4.225286e-06	-3.282220e-08	-3.040578e+01	-2.136815e+03
2.780000e-06	-4.353926e-06	-3.330833e-08	-3.133149e+01	-2.169512e+03
2.790000e-06	-4.481050e-06	-3.375948e-08	-3.224629e+01	-2.199695e+03
2.800000e-06	-4.606544e-06	-3.418110e-08	-3.314937e+01	-2.227277e+03
2.810000e-06	-4.730408e-06	-3.457826e-08	-3.404071e+01	-2.252738e+03
2.820000e-06	-4.852574e-06	-3.495299e-08	-3.491984e+01	-2.276868e+03
2.830000e-06	-4.972954e-06	-3.530687e-08	-3.578611e+01	-2.300260e+03
2.840000e-06	-5.091483e-06	-3.564376e-08	-3.663906e+01	-2.322981e+03
2.850000e-06	-5.208001e-06	-3.596512e-08	-3.747754e+01	-2.344651e+03
2.860000e-06	-5.322372e-06	-3.626948e-08	-3.830057e+01	-2.364842e+03
2.870000e-06	-5.434570e-06	-3.655415e-08	-3.910796e+01	-2.383468e+03
2.880000e-06	-5.544652e-06	-3.682263e-08	-3.990013e+01	-2.400863e+03
2.890000e-06	-5.652742e-06	-3.707866e-08	-4.067796e+01	-2.417532e+03
2.900000e-06	-5.758977e-06	-3.732249e-08	-4.144245e+01	-2.433793e+03
2.910000e-06	-5.863266e-06	-3.755415e-08	-4.219293e+01	-2.449612e+03
2.920000e-06	-5.965369e-06	-3.777603e-08	-4.292767e+01	-2.464720e+03
2.930000e-06	-6.065216e-06	-3.799106e-08	-4.364618e+01	-2.478898e+03
2.940000e-06	-6.162982e-06	-3.819773e-08	-4.434972e+01	-2.492179e+03
2.950000e-06	-6.258681e-06	-3.839137e-08	-4.503839e+01	-2.504802e+03
2.960000e-06	-6.352086e-06	-3.857197e-08	-4.571055e+01	-2.516996e+03
2.970000e-06	-6.443209e-06	-3.874362e-08	-4.636628e+01	-2.528784e+03
2.980000e-06	-6.532151e-06	-3.890652e-08	-4.700632e+01	-2.539984e+03
2.990000e-06	-6.618776e-06	-3.905796e-08	-4.762968e+01	-2.550400e+03
3.000000e-06	-6.702916e-06	-3.919813e-08	-4.823517e+01	-2.560031e+03
3.010000e-06	-6.784688e-06	-3.933319e-08	-4.882361e+01	-2.569110e+03
3.020000e-06	-6.864158e-06	-3.946699e-08	-4.939549e+01	-2.577948e+03
3.030000e-06	-6.941032e-06	-3.959621e-08	-4.994869e+01	-2.586693e+03
3.040000e-06	-7.015193e-06	-3.971700e-08	-5.048236e+01	-2.595211e+03
3.050000e-06	-7.086838e-06	-3.982892e-08	-5.099793e+01	-2.603197e+03
3.060000e-06	-7.155906e-06	-3.993254e-08	-5.149495e+01	-2.610416e+03
3.070000e-06	-7.222386e-06	-4.002806e-08	-5.197335e+01	-2.616894e+03
3.080000e-06	-7.286405e-06	-4.011594e-08	-5.243404e+01	-2.622911e+03
3.090000e-06	-7.347815e-06	-4.020099e-08	-5.287596e+01	-2.628799e+03
3.100000e-06	-7.406555e-06	-4.028379e-08	-5.329866e+01	-2.634712e+03
3.110000e-06	-7.462672e-06	-4.036267e-08	-5.370249e+01	-2.640535e+03
3.120000e-06	-7.515957e-06	-4.043554e-08	-5.408593e+01	-2.645996e+03
3.130000e-06	-7.566215e-06	-4.050138e-08	-5.444760e+01	-2.650882e+03
3.140000e-06	-7.613390e-06	-4.056361e-08	-5.478707e+01	-2.655183e+03
3.150000e-06	-7.657799e-06	-4.062268e-08	-5.510664e+01	-2.659070e+03
3.160000e-06	-7.699762e-06	-4.067507e-08	-5.540862e+01	-2.662742e+03
3.170000e-06	-7.739115e-06	-4.071953e-08	-5.569181e+01	-2.666271e+03
3.180000e-06	-7.775719e-06	-4.076029e-08	-5.595522e+01	-2.669568e+03
3.190000e-06	-7.809627e-06	-4.079806e-08	-5.619922e+01	-2.672485e+03
3.200000e-06	-7.840745e-06	-4.083140e-08	-5.642316e+01	-2.674950e+03
3.210000e-06	-7.868968e-06	-4.085792e-08	-5.662625e+01	-2.677023e+03
3.220000e-06	-7.894469e-06	-4.087850e-08	-5.680976e+01	-2.678844e+03
3.230000e-06	-7.917234e-06	-4.089628e-08	-5.697358e+01	-2.680509e+03
3.240000e-06	-7.937165e-06	-4.091328e-08	-5.711700e+01	-2.682004e+03
3.250000e-06	-7.954357e-06	-4.092709e-08	-5.724072e+01	-2.683233e+03
3.260000e-06	-7.968593e-06	-4.093729e-08	-5.734317e+01	-2.684106e+03
3.270000e-06	-7.979681e-06	-4.094334e-08	-5.742296e+01	-2.684616e+03
3.280000e-06	-7.987838e-06	-4.094433e-08	-5.748166e+01	-2.684832e+03
3.290000e-06	-7.993116e-06	-4.093803e-08	-5.751964e+01	-2.684838e+03
3.300000e-06	-7.995609e-06	-4.092311e-08	-5.753758e+01	-2.684666e+03
3.310000e-06	-7.995446e-06	-4.090739e-08	-5.753640e+01	-2.684299e+03
