# Temperatura_=_46.34
# Concentracion g/m^3_=_20000.0
# C_Vs_to_Am_M_A/Vsm_=_65563218390.804596
# pendiente_HvsI_1/m_=_3716.3
# ordenada_HvsI_A/m_=_1297.0
# frecuencia_Hz_=_301783.74690892384

Tiempo_(s)	Campo_(V.s)	Magnetizacion_(V.s)	Campo_(kA/m)	Magnetizacion_(A/m)
0.000000e+00	-7.972023e-06	-4.510826e-08	-5.751688e+01	-2.957025e+03
1.000000e-08	-7.968400e-06	-4.509257e-08	-5.749074e+01	-2.956169e+03
2.000000e-08	-7.962200e-06	-4.506938e-08	-5.744601e+01	-2.955106e+03
3.000000e-08	-7.953441e-06	-4.504160e-08	-5.738282e+01	-2.953707e+03
4.000000e-08	-7.941884e-06	-4.500934e-08	-5.729944e+01	-2.951876e+03
5.000000e-08	-7.927319e-06	-4.497397e-08	-5.719435e+01	-2.949613e+03
6.000000e-08	-7.909856e-06	-4.492917e-08	-5.706835e+01	-2.947002e+03
7.000000e-08	-7.889987e-06	-4.486775e-08	-5.692500e+01	-2.944148e+03
8.000000e-08	-7.867707e-06	-4.484735e-08	-5.676425e+01	-2.941108e+03
9.000000e-08	-7.842395e-06	-4.486568e-08	-5.658164e+01	-2.937870e+03
1.000000e-07	-7.813853e-06	-4.480203e-08	-5.637571e+01	-2.934358e+03
1.100000e-07	-7.782396e-06	-4.470781e-08	-5.614875e+01	-2.930490e+03
1.200000e-07	-7.748095e-06	-4.463926e-08	-5.590127e+01	-2.926220e+03
1.300000e-07	-7.711214e-06	-4.456119e-08	-5.563519e+01	-2.921580e+03
1.400000e-07	-7.672266e-06	-4.443732e-08	-5.535418e+01	-2.916681e+03
1.500000e-07	-7.631064e-06	-4.436223e-08	-5.505691e+01	-2.911683e+03
1.600000e-07	-7.587026e-06	-4.432353e-08	-5.473919e+01	-2.906724e+03
1.700000e-07	-7.540265e-06	-4.416708e-08	-5.440181e+01	-2.901829e+03
1.800000e-07	-7.490846e-06	-4.414612e-08	-5.404527e+01	-2.896865e+03
1.900000e-07	-7.438321e-06	-4.405841e-08	-5.366631e+01	-2.891564e+03
2.000000e-07	-7.382866e-06	-4.388583e-08	-5.326621e+01	-2.885638e+03
2.100000e-07	-7.324703e-06	-4.380244e-08	-5.284657e+01	-2.878922e+03
2.200000e-07	-7.263945e-06	-4.365313e-08	-5.240821e+01	-2.871451e+03
2.300000e-07	-7.200672e-06	-4.357738e-08	-5.195171e+01	-2.863420e+03
2.400000e-07	-7.134622e-06	-4.344864e-08	-5.147516e+01	-2.855035e+03
2.500000e-07	-7.065932e-06	-4.329401e-08	-5.097958e+01	-2.846350e+03
2.600000e-07	-6.994682e-06	-4.315137e-08	-5.046552e+01	-2.837230e+03
2.700000e-07	-6.920652e-06	-4.299101e-08	-4.993140e+01	-2.827457e+03
2.800000e-07	-6.843902e-06	-4.283124e-08	-4.937767e+01	-2.816919e+03
2.900000e-07	-6.764440e-06	-4.263408e-08	-4.880436e+01	-2.805733e+03
3.000000e-07	-6.682357e-06	-4.249848e-08	-4.821214e+01	-2.794186e+03
3.100000e-07	-6.598066e-06	-4.233653e-08	-4.760400e+01	-2.782528e+03
3.200000e-07	-6.511707e-06	-4.216390e-08	-4.698093e+01	-2.770759e+03
3.300000e-07	-6.423129e-06	-4.197437e-08	-4.634186e+01	-2.758583e+03
3.400000e-07	-6.332167e-06	-4.172637e-08	-4.568558e+01	-2.745592e+03
3.500000e-07	-6.238869e-06	-4.150804e-08	-4.501245e+01	-2.731554e+03
3.600000e-07	-6.143380e-06	-4.129358e-08	-4.432351e+01	-2.716597e+03
3.700000e-07	-6.045580e-06	-4.107769e-08	-4.361790e+01	-2.701143e+03
3.800000e-07	-5.945515e-06	-4.084293e-08	-4.289595e+01	-2.685607e+03
3.900000e-07	-5.843355e-06	-4.061626e-08	-4.215888e+01	-2.670089e+03
4.000000e-07	-5.739170e-06	-4.038099e-08	-4.140720e+01	-2.654268e+03
4.100000e-07	-5.632913e-06	-4.011362e-08	-4.064057e+01	-2.637609e+03
4.200000e-07	-5.524573e-06	-3.982694e-08	-3.985891e+01	-2.619717e+03
4.300000e-07	-5.414246e-06	-3.952367e-08	-3.906292e+01	-2.600606e+03
4.400000e-07	-5.301959e-06	-3.923766e-08	-3.825279e+01	-2.580663e+03
4.500000e-07	-5.187656e-06	-3.894254e-08	-3.742811e+01	-2.560349e+03
4.600000e-07	-5.071220e-06	-3.863045e-08	-3.658805e+01	-2.539853e+03
4.700000e-07	-4.952826e-06	-3.829651e-08	-3.573386e+01	-2.518962e+03
4.800000e-07	-4.832645e-06	-3.795630e-08	-3.486677e+01	-2.497226e+03
4.900000e-07	-4.710660e-06	-3.761137e-08	-3.398666e+01	-2.474297e+03
5.000000e-07	-4.586954e-06	-3.724979e-08	-3.309414e+01	-2.450165e+03
5.100000e-07	-4.461632e-06	-3.686983e-08	-3.218996e+01	-2.425115e+03
5.200000e-07	-4.334760e-06	-3.647588e-08	-3.127460e+01	-2.399455e+03
5.300000e-07	-4.206415e-06	-3.607996e-08	-3.034861e+01	-2.373236e+03
5.400000e-07	-4.076496e-06	-3.566689e-08	-2.941127e+01	-2.346193e+03
5.500000e-07	-3.944945e-06	-3.522901e-08	-2.846215e+01	-2.317953e+03
5.600000e-07	-3.811900e-06	-3.477318e-08	-2.750225e+01	-2.288343e+03
5.700000e-07	-3.677448e-06	-3.431385e-08	-2.653220e+01	-2.257525e+03
5.800000e-07	-3.541748e-06	-3.384637e-08	-2.555315e+01	-2.225846e+03
5.900000e-07	-3.404872e-06	-3.335444e-08	-2.456561e+01	-2.193523e+03
6.000000e-07	-3.266716e-06	-3.283480e-08	-2.356884e+01	-2.160410e+03
6.100000e-07	-3.127178e-06	-3.229841e-08	-2.256209e+01	-2.126060e+03
6.200000e-07	-2.986339e-06	-3.175078e-08	-2.154596e+01	-2.090038e+03
6.300000e-07	-2.844316e-06	-3.118320e-08	-2.052129e+01	-2.052239e+03
6.400000e-07	-2.701105e-06	-3.058904e-08	-1.948804e+01	-2.012954e+03
6.500000e-07	-2.556891e-06	-2.997787e-08	-1.844756e+01	-1.972604e+03
6.600000e-07	-2.411753e-06	-2.935303e-08	-1.740041e+01	-1.931361e+03
6.700000e-07	-2.265640e-06	-2.870367e-08	-1.634623e+01	-1.888950e+03
6.800000e-07	-2.118696e-06	-2.801737e-08	-1.528605e+01	-1.844810e+03
6.900000e-07	-1.971114e-06	-2.730110e-08	-1.422127e+01	-1.798498e+03
7.000000e-07	-1.822931e-06	-2.656905e-08	-1.315216e+01	-1.750001e+03
7.100000e-07	-1.674162e-06	-2.581943e-08	-1.207881e+01	-1.699707e+03
7.200000e-07	-1.524853e-06	-2.503860e-08	-1.100157e+01	-1.648027e+03
7.300000e-07	-1.374984e-06	-2.421699e-08	-9.920291e+00	-1.594981e+03
7.400000e-07	-1.224621e-06	-2.336351e-08	-8.835445e+00	-1.540084e+03
7.500000e-07	-1.073863e-06	-2.248180e-08	-7.747752e+00	-1.482666e+03
7.600000e-07	-9.227298e-07	-2.156702e-08	-6.657349e+00	-1.422361e+03
7.700000e-07	-7.712901e-07	-2.061322e-08	-5.564736e+00	-1.359378e+03
7.800000e-07	-6.196106e-07	-1.962466e-08	-4.470392e+00	-1.294284e+03
7.900000e-07	-4.677313e-07	-1.860539e-08	-3.374607e+00	-1.227424e+03
8.000000e-07	-3.156863e-07	-1.754535e-08	-2.277626e+00	-1.158456e+03
8.100000e-07	-1.634949e-07	-1.643141e-08	-1.179590e+00	-1.086387e+03
8.200000e-07	-1.119637e-08	-1.526074e-08	-8.078003e-02	-1.010163e+03
8.300000e-07	1.411271e-07	-1.403862e-08	1.018209e+00	-9.293566e+02
8.400000e-07	2.933486e-07	-1.276197e-08	2.116464e+00	-8.443630e+02
8.500000e-07	4.454157e-07	-1.141724e-08	3.213604e+00	-7.558009e+02
8.600000e-07	5.973233e-07	-9.986340e-09	4.309593e+00	-6.634437e+02
8.700000e-07	7.490311e-07	-8.456078e-09	5.404141e+00	-5.654434e+02
8.800000e-07	9.004655e-07	-6.807868e-09	6.496715e+00	-4.585452e+02
8.900000e-07	1.051608e-06	-5.009004e-09	7.587184e+00	-3.393774e+02
9.000000e-07	1.202454e-06	-3.010104e-09	8.675514e+00	-2.061480e+02
9.100000e-07	1.352967e-06	-7.741077e-10	9.761442e+00	-5.972012e+01
9.200000e-07	1.503018e-06	1.642150e-09	1.084404e+01	9.663874e+01
9.300000e-07	1.652490e-06	4.112620e-09	1.192246e+01	2.587043e+02
9.400000e-07	1.801379e-06	6.561821e-09	1.299666e+01	4.230313e+02
9.500000e-07	1.949650e-06	8.997014e-09	1.406641e+01	5.878782e+02
9.600000e-07	2.097236e-06	1.145136e-08	1.513123e+01	7.527700e+02
9.700000e-07	2.244092e-06	1.392229e-08	1.619077e+01	9.170784e+02
9.800000e-07	2.390086e-06	1.637153e-08	1.724409e+01	1.078663e+03
9.900000e-07	2.535127e-06	1.873413e-08	1.829054e+01	1.233581e+03
1.000000e-06	2.679275e-06	2.089815e-08	1.933054e+01	1.377151e+03
1.010000e-06	2.822450e-06	2.280573e-08	2.036353e+01	1.505741e+03
1.020000e-06	2.964532e-06	2.448621e-08	2.138863e+01	1.618192e+03
1.030000e-06	3.105447e-06	2.598039e-08	2.240530e+01	1.716030e+03
1.040000e-06	3.245138e-06	2.731891e-08	2.341315e+01	1.802410e+03
1.050000e-06	3.383645e-06	2.851910e-08	2.441246e+01	1.880505e+03
1.060000e-06	3.520874e-06	2.959726e-08	2.540255e+01	1.952317e+03
1.070000e-06	3.656713e-06	3.057783e-08	2.638260e+01	2.018476e+03
1.080000e-06	3.791303e-06	3.148413e-08	2.735365e+01	2.078915e+03
1.090000e-06	3.924621e-06	3.232542e-08	2.831552e+01	2.133755e+03
1.100000e-06	4.056469e-06	3.310008e-08	2.926678e+01	2.183760e+03
1.110000e-06	4.186833e-06	3.381398e-08	3.020734e+01	2.230108e+03
1.120000e-06	4.315679e-06	3.447978e-08	3.113694e+01	2.273799e+03
1.130000e-06	4.443033e-06	3.510324e-08	3.205578e+01	2.315209e+03
1.140000e-06	4.568941e-06	3.568481e-08	3.296419e+01	2.354137e+03
1.150000e-06	4.693221e-06	3.622720e-08	3.386085e+01	2.390253e+03
1.160000e-06	4.815798e-06	3.673930e-08	3.474522e+01	2.423581e+03
1.170000e-06	4.936625e-06	3.722566e-08	3.561696e+01	2.454626e+03
1.180000e-06	5.055640e-06	3.768637e-08	3.647564e+01	2.484098e+03
1.190000e-06	5.172757e-06	3.811760e-08	3.732062e+01	2.512480e+03
1.200000e-06	5.287834e-06	3.852357e-08	3.815088e+01	2.539786e+03
1.210000e-06	5.400838e-06	3.891140e-08	3.896619e+01	2.565689e+03
1.220000e-06	5.511859e-06	3.928468e-08	3.976719e+01	2.589892e+03
1.230000e-06	5.620996e-06	3.964038e-08	4.055459e+01	2.612426e+03
1.240000e-06	5.728198e-06	3.997402e-08	4.132804e+01	2.633671e+03
1.250000e-06	5.833339e-06	4.028753e-08	4.208661e+01	2.654094e+03
1.260000e-06	5.936345e-06	4.058948e-08	4.282979e+01	2.673941e+03
1.270000e-06	6.037208e-06	4.088297e-08	4.355750e+01	2.693123e+03
1.280000e-06	6.135835e-06	4.116167e-08	4.426908e+01	2.711367e+03
1.290000e-06	6.232130e-06	4.142563e-08	4.496383e+01	2.728487e+03
1.300000e-06	6.326226e-06	4.167749e-08	4.564272e+01	2.744549e+03
1.310000e-06	6.418229e-06	4.191851e-08	4.630650e+01	2.759816e+03
1.320000e-06	6.507995e-06	4.214619e-08	4.695415e+01	2.774529e+03
1.330000e-06	6.595450e-06	4.236030e-08	4.758512e+01	2.788727e+03
1.340000e-06	6.680650e-06	4.256298e-08	4.819983e+01	2.802248e+03
1.350000e-06	6.763548e-06	4.275897e-08	4.879792e+01	2.814910e+03
1.360000e-06	6.843974e-06	4.294835e-08	4.937818e+01	2.826699e+03
1.370000e-06	6.921890e-06	4.312728e-08	4.994034e+01	2.837814e+03
1.380000e-06	6.997232e-06	4.329550e-08	5.048392e+01	2.848526e+03
1.390000e-06	7.069878e-06	4.345605e-08	5.100805e+01	2.858969e+03
1.400000e-06	7.140012e-06	4.361017e-08	5.151405e+01	2.869039e+03
1.410000e-06	7.207664e-06	4.375534e-08	5.200215e+01	2.878488e+03
1.420000e-06	7.272649e-06	4.389306e-08	5.247101e+01	2.887128e+03
1.430000e-06	7.335074e-06	4.402394e-08	5.292139e+01	2.894994e+03
1.440000e-06	7.394994e-06	4.414640e-08	5.335371e+01	2.902332e+03
1.450000e-06	7.452304e-06	4.426236e-08	5.376719e+01	2.909419e+03
1.460000e-06	7.506920e-06	4.437063e-08	5.416124e+01	2.916368e+03
1.470000e-06	7.558562e-06	4.447095e-08	5.453382e+01	2.923057e+03
1.480000e-06	7.607110e-06	4.456783e-08	5.488409e+01	2.929244e+03
1.490000e-06	7.652885e-06	4.465921e-08	5.521435e+01	2.934759e+03
1.500000e-06	7.696032e-06	4.474359e-08	5.552565e+01	2.939638e+03
1.510000e-06	7.736403e-06	4.482219e-08	5.581692e+01	2.944080e+03
1.520000e-06	7.774091e-06	4.489524e-08	5.608883e+01	2.948289e+03
1.530000e-06	7.809109e-06	4.495987e-08	5.634148e+01	2.952318e+03
1.540000e-06	7.841316e-06	4.501657e-08	5.657385e+01	2.956035e+03
1.550000e-06	7.870822e-06	4.506953e-08	5.678673e+01	2.959245e+03
1.560000e-06	7.897566e-06	4.511815e-08	5.697968e+01	2.961842e+03
1.570000e-06	7.921393e-06	4.515970e-08	5.715159e+01	2.963898e+03
1.580000e-06	7.942517e-06	4.519142e-08	5.730400e+01	2.965600e+03
1.590000e-06	7.960921e-06	4.521591e-08	5.743678e+01	2.967110e+03
1.600000e-06	7.976378e-06	4.523618e-08	5.754830e+01	2.968450e+03
1.610000e-06	7.988809e-06	4.525440e-08	5.763799e+01	2.969500e+03
1.620000e-06	7.998166e-06	4.527005e-08	5.770550e+01	2.970105e+03
1.630000e-06	8.004635e-06	4.528105e-08	5.775217e+01	2.970202e+03
1.640000e-06	8.008313e-06	4.528487e-08	5.777871e+01	2.969866e+03
1.650000e-06	8.009152e-06	4.528234e-08	5.778476e+01	2.969253e+03
1.660000e-06	8.007326e-06	4.526902e-08	5.777158e+01	2.968485e+03
1.670000e-06	8.002884e-06	4.524860e-08	5.773954e+01	2.967572e+03
1.680000e-06	7.995696e-06	4.522863e-08	5.768767e+01	2.966413e+03
1.690000e-06	7.985831e-06	4.520805e-08	5.761650e+01	2.964878e+03
1.700000e-06	7.973146e-06	4.518740e-08	5.752498e+01	2.962901e+03
1.710000e-06	7.957719e-06	4.516872e-08	5.741368e+01	2.960511e+03
1.720000e-06	7.939936e-06	4.515698e-08	5.728538e+01	2.957809e+03
1.730000e-06	7.919864e-06	4.509587e-08	5.714056e+01	2.954889e+03
1.740000e-06	7.896800e-06	4.495736e-08	5.697416e+01	2.951788e+03
1.750000e-06	7.869952e-06	4.490048e-08	5.678045e+01	2.948468e+03
1.760000e-06	7.839457e-06	4.487506e-08	5.656043e+01	2.944847e+03
1.770000e-06	7.806137e-06	4.481580e-08	5.632004e+01	2.940848e+03
1.780000e-06	7.770613e-06	4.478319e-08	5.606374e+01	2.936449e+03
1.790000e-06	7.732890e-06	4.477151e-08	5.579157e+01	2.931707e+03
1.800000e-06	7.693137e-06	4.461678e-08	5.550476e+01	2.926755e+03
1.810000e-06	7.651065e-06	4.455721e-08	5.520122e+01	2.921756e+03
1.820000e-06	7.606228e-06	4.455537e-08	5.487772e+01	2.916819e+03
1.830000e-06	7.558741e-06	4.441190e-08	5.453512e+01	2.911921e+03
1.840000e-06	7.508211e-06	4.443638e-08	5.417055e+01	2.906879e+03
1.850000e-06	7.454581e-06	4.430570e-08	5.378362e+01	2.901402e+03
1.860000e-06	7.398228e-06	4.424825e-08	5.337704e+01	2.895229e+03
1.870000e-06	7.339273e-06	4.421251e-08	5.295169e+01	2.888253e+03
1.880000e-06	7.277801e-06	4.401725e-08	5.250818e+01	2.880573e+03
1.890000e-06	7.213530e-06	4.395615e-08	5.204447e+01	2.872408e+03
1.900000e-06	7.146551e-06	4.377473e-08	5.156123e+01	2.863927e+03
1.910000e-06	7.076862e-06	4.367983e-08	5.105844e+01	2.855122e+03
1.920000e-06	7.004436e-06	4.354546e-08	5.053589e+01	2.845812e+03
1.930000e-06	6.929466e-06	4.337743e-08	4.999499e+01	2.835792e+03
1.940000e-06	6.851734e-06	4.325360e-08	4.943417e+01	2.825019e+03
1.950000e-06	6.771480e-06	4.302150e-08	4.885515e+01	2.813679e+03
1.960000e-06	6.688918e-06	4.289058e-08	4.825948e+01	2.802075e+03
1.970000e-06	6.603919e-06	4.265400e-08	4.764623e+01	2.790394e+03
1.980000e-06	6.516402e-06	4.248607e-08	4.701481e+01	2.778534e+03
1.990000e-06	6.426521e-06	4.232677e-08	4.636633e+01	2.766136e+03
2.000000e-06	6.334524e-06	4.211993e-08	4.570259e+01	2.752815e+03
2.010000e-06	6.240193e-06	4.192817e-08	4.502200e+01	2.738446e+03
2.020000e-06	6.143557e-06	4.165684e-08	4.432479e+01	2.723273e+03
2.030000e-06	6.044899e-06	4.144467e-08	4.361299e+01	2.707755e+03
2.040000e-06	5.944189e-06	4.117802e-08	4.288638e+01	2.692232e+03
2.050000e-06	5.841217e-06	4.095222e-08	4.214345e+01	2.676665e+03
2.060000e-06	5.736097e-06	4.068941e-08	4.138503e+01	2.660631e+03
2.070000e-06	5.629061e-06	4.043806e-08	4.061278e+01	2.643599e+03
2.080000e-06	5.520085e-06	4.017928e-08	3.982654e+01	2.625289e+03
2.090000e-06	5.409046e-06	3.987962e-08	3.902540e+01	2.605855e+03
2.100000e-06	5.295872e-06	3.957754e-08	3.820887e+01	2.585746e+03
2.110000e-06	5.180701e-06	3.924356e-08	3.737794e+01	2.565369e+03
2.120000e-06	5.063464e-06	3.894211e-08	3.653209e+01	2.544784e+03
2.130000e-06	4.944227e-06	3.861463e-08	3.567181e+01	2.523670e+03
2.140000e-06	4.823186e-06	3.828717e-08	3.479852e+01	2.501572e+03
2.150000e-06	4.700417e-06	3.792208e-08	3.391276e+01	2.478236e+03
2.160000e-06	4.575991e-06	3.755791e-08	3.301505e+01	2.453767e+03
2.170000e-06	4.449880e-06	3.717585e-08	3.210518e+01	2.428492e+03
2.180000e-06	4.322140e-06	3.677944e-08	3.118355e+01	2.402661e+03
2.190000e-06	4.192872e-06	3.636701e-08	3.025091e+01	2.376215e+03
2.200000e-06	4.062165e-06	3.594601e-08	2.930788e+01	2.348820e+03
2.210000e-06	3.930096e-06	3.551811e-08	2.835502e+01	2.320140e+03
2.220000e-06	3.796606e-06	3.506352e-08	2.739191e+01	2.290107e+03
2.230000e-06	3.661624e-06	3.458671e-08	2.641803e+01	2.258970e+03
2.240000e-06	3.525273e-06	3.408782e-08	2.543429e+01	2.227073e+03
2.250000e-06	3.387682e-06	3.359130e-08	2.444159e+01	2.194527e+03
2.260000e-06	3.248901e-06	3.308188e-08	2.344030e+01	2.161070e+03
2.270000e-06	3.108877e-06	3.255438e-08	2.243005e+01	2.126216e+03
2.280000e-06	2.967607e-06	3.199282e-08	2.141081e+01	2.089610e+03
2.290000e-06	2.825198e-06	3.141119e-08	2.038336e+01	2.051285e+03
2.300000e-06	2.681746e-06	3.080907e-08	1.934837e+01	2.011614e+03
2.310000e-06	2.537336e-06	3.019027e-08	1.830648e+01	1.970976e+03
2.320000e-06	2.392020e-06	2.954719e-08	1.725805e+01	1.929404e+03
2.330000e-06	2.245884e-06	2.888599e-08	1.620370e+01	1.886499e+03
2.340000e-06	2.098992e-06	2.820370e-08	1.514390e+01	1.841689e+03
2.350000e-06	1.951420e-06	2.749298e-08	1.407919e+01	1.794649e+03
2.360000e-06	1.803151e-06	2.674692e-08	1.300945e+01	1.745519e+03
2.370000e-06	1.654185e-06	2.597050e-08	1.193468e+01	1.694744e+03
2.380000e-06	1.504652e-06	2.517588e-08	1.085582e+01	1.642646e+03
2.390000e-06	1.354650e-06	2.435578e-08	9.773588e+00	1.589073e+03
2.400000e-06	1.204265e-06	2.350552e-08	8.688578e+00	1.533431e+03
2.410000e-06	1.053486e-06	2.261541e-08	7.600738e+00	1.475096e+03
2.420000e-06	9.022956e-07	2.169060e-08	6.509920e+00	1.413878e+03
2.430000e-06	7.507392e-07	2.072975e-08	5.416464e+00	1.350150e+03
2.440000e-06	5.988731e-07	1.973204e-08	4.320775e+00	1.284474e+03
2.450000e-06	4.467608e-07	1.869246e-08	3.223309e+00	1.217009e+03
2.460000e-06	2.945226e-07	1.761144e-08	2.124934e+00	1.147168e+03
2.470000e-06	1.421822e-07	1.648760e-08	1.025822e+00	1.073857e+03
2.480000e-06	-1.027507e-08	1.531357e-08	-7.413303e-02	9.961605e+02
2.490000e-06	-1.627029e-07	1.407879e-08	-1.173875e+00	9.139326e+02
2.500000e-06	-3.150129e-07	1.277895e-08	-2.272768e+00	8.277397e+02
2.510000e-06	-4.671485e-07	1.141350e-08	-3.370402e+00	7.380489e+02
2.520000e-06	-6.190387e-07	9.968400e-09	-4.466266e+00	6.441596e+02
2.530000e-06	-7.707016e-07	8.420712e-09	-5.560490e+00	5.436907e+02
2.540000e-06	-9.220763e-07	6.739017e-09	-6.652634e+00	4.331703e+02
2.550000e-06	-1.073024e-06	4.890310e-09	-7.741701e+00	3.095585e+02
2.560000e-06	-1.223549e-06	2.829648e-09	-8.827710e+00	1.718554e+02
2.570000e-06	-1.373734e-06	5.245314e-10	-9.911274e+00	2.179340e+01
2.580000e-06	-1.523497e-06	-1.954430e-09	-1.099179e+01	-1.368575e+02
2.590000e-06	-1.672740e-06	-4.486971e-09	-1.206855e+01	-2.999532e+02
2.600000e-06	-1.821366e-06	-7.028434e-09	-1.314087e+01	-4.645580e+02
2.610000e-06	-1.969223e-06	-9.572153e-09	-1.420763e+01	-6.294483e+02
2.620000e-06	-2.116286e-06	-1.210650e-08	-1.526867e+01	-7.942762e+02
2.630000e-06	-2.262598e-06	-1.463516e-08	-1.632429e+01	-9.580395e+02
2.640000e-06	-2.408200e-06	-1.714910e-08	-1.737478e+01	-1.117982e+03
2.650000e-06	-2.552956e-06	-1.953131e-08	-1.841917e+01	-1.269753e+03
2.660000e-06	-2.696684e-06	-2.165303e-08	-1.945615e+01	-1.408808e+03
2.670000e-06	-2.839409e-06	-2.350852e-08	-2.048588e+01	-1.532202e+03
2.680000e-06	-2.981181e-06	-2.514291e-08	-2.150875e+01	-1.639683e+03
2.690000e-06	-3.121818e-06	-2.659495e-08	-2.252342e+01	-1.733464e+03
2.700000e-06	-3.261108e-06	-2.789729e-08	-2.352838e+01	-1.816878e+03
2.710000e-06	-3.399180e-06	-2.907541e-08	-2.452454e+01	-1.892810e+03
2.720000e-06	-3.536025e-06	-3.014527e-08	-2.551186e+01	-1.962792e+03
2.730000e-06	-3.671485e-06	-3.111586e-08	-2.648918e+01	-2.027130e+03
2.740000e-06	-3.805639e-06	-3.199999e-08	-2.745708e+01	-2.085730e+03
2.750000e-06	-3.938482e-06	-3.281471e-08	-2.841553e+01	-2.138906e+03
2.760000e-06	-4.069879e-06	-3.357134e-08	-2.936353e+01	-2.187606e+03
2.770000e-06	-4.199865e-06	-3.427452e-08	-3.030136e+01	-2.233018e+03
2.780000e-06	-4.328377e-06	-3.492787e-08	-3.122855e+01	-2.275972e+03
2.790000e-06	-4.455239e-06	-3.553770e-08	-3.214384e+01	-2.316627e+03
2.800000e-06	-4.580546e-06	-3.611125e-08	-3.304792e+01	-2.354680e+03
2.810000e-06	-4.704282e-06	-3.664916e-08	-3.394065e+01	-2.389875e+03
2.820000e-06	-4.826311e-06	-3.714997e-08	-3.482107e+01	-2.422399e+03
2.830000e-06	-4.946513e-06	-3.762092e-08	-3.568831e+01	-2.452867e+03
2.840000e-06	-5.064835e-06	-3.806770e-08	-3.654198e+01	-2.481960e+03
2.850000e-06	-5.181206e-06	-3.849216e-08	-3.738158e+01	-2.510020e+03
2.860000e-06	-5.295414e-06	-3.889446e-08	-3.820557e+01	-2.536920e+03
2.870000e-06	-5.407521e-06	-3.927226e-08	-3.901441e+01	-2.562300e+03
2.880000e-06	-5.517586e-06	-3.962860e-08	-3.980851e+01	-2.585946e+03
2.890000e-06	-5.625641e-06	-3.996733e-08	-4.058811e+01	-2.608017e+03
2.900000e-06	-5.731882e-06	-4.029062e-08	-4.135462e+01	-2.628955e+03
2.910000e-06	-5.836168e-06	-4.059880e-08	-4.210703e+01	-2.649186e+03
2.920000e-06	-5.938279e-06	-4.089191e-08	-4.284374e+01	-2.668845e+03
2.930000e-06	-6.038209e-06	-4.117245e-08	-4.356472e+01	-2.687760e+03
2.940000e-06	-6.136038e-06	-4.144031e-08	-4.427054e+01	-2.705655e+03
2.950000e-06	-6.231724e-06	-4.169435e-08	-4.496090e+01	-2.722418e+03
2.960000e-06	-6.325133e-06	-4.193505e-08	-4.563483e+01	-2.738195e+03
2.970000e-06	-6.416265e-06	-4.216563e-08	-4.629233e+01	-2.753269e+03
2.980000e-06	-6.505175e-06	-4.238548e-08	-4.693380e+01	-2.767826e+03
2.990000e-06	-6.591832e-06	-4.259196e-08	-4.755902e+01	-2.781832e+03
3.000000e-06	-6.676074e-06	-4.278592e-08	-4.816682e+01	-2.795095e+03
3.010000e-06	-6.757941e-06	-4.296956e-08	-4.875747e+01	-2.807469e+03
3.020000e-06	-6.837409e-06	-4.314648e-08	-4.933082e+01	-2.819016e+03
3.030000e-06	-6.914247e-06	-4.331809e-08	-4.988519e+01	-2.829978e+03
3.040000e-06	-6.988442e-06	-4.348089e-08	-5.042050e+01	-2.840602e+03
3.050000e-06	-7.060046e-06	-4.363146e-08	-5.093711e+01	-2.850950e+03
3.060000e-06	-7.129103e-06	-4.377159e-08	-5.143535e+01	-2.860852e+03
3.070000e-06	-7.195701e-06	-4.390304e-08	-5.191584e+01	-2.870056e+03
3.080000e-06	-7.259779e-06	-4.402410e-08	-5.237815e+01	-2.878434e+03
3.090000e-06	-7.321267e-06	-4.413753e-08	-5.282178e+01	-2.886100e+03
3.100000e-06	-7.380117e-06	-4.424616e-08	-5.324637e+01	-2.893335e+03
3.110000e-06	-7.436236e-06	-4.435011e-08	-5.365126e+01	-2.900380e+03
3.120000e-06	-7.489581e-06	-4.444985e-08	-5.403614e+01	-2.907271e+03
3.130000e-06	-7.540003e-06	-4.454216e-08	-5.439992e+01	-2.913829e+03
3.140000e-06	-7.587391e-06	-4.462640e-08	-5.474182e+01	-2.919812e+03
3.150000e-06	-7.632048e-06	-4.470397e-08	-5.506402e+01	-2.925112e+03
3.160000e-06	-7.674270e-06	-4.477500e-08	-5.536864e+01	-2.929827e+03
3.170000e-06	-7.713898e-06	-4.483701e-08	-5.565455e+01	-2.934180e+03
3.180000e-06	-7.750729e-06	-4.489102e-08	-5.592028e+01	-2.938339e+03
3.190000e-06	-7.784871e-06	-4.493952e-08	-5.616661e+01	-2.942291e+03
3.200000e-06	-7.816286e-06	-4.498458e-08	-5.639326e+01	-2.945868e+03
3.210000e-06	-7.844804e-06	-4.502770e-08	-5.659901e+01	-2.948887e+03
3.220000e-06	-7.870564e-06	-4.506409e-08	-5.678487e+01	-2.951297e+03
3.230000e-06	-7.893549e-06	-4.509230e-08	-5.695070e+01	-2.953220e+03
3.240000e-06	-7.913663e-06	-4.511327e-08	-5.709582e+01	-2.954851e+03
3.250000e-06	-7.931027e-06	-4.512795e-08	-5.722110e+01	-2.956316e+03
3.260000e-06	-7.945534e-06	-4.513723e-08	-5.732576e+01	-2.957583e+03
3.270000e-06	-7.956960e-06	-4.514277e-08	-5.740821e+01	-2.958507e+03
3.280000e-06	-7.965404e-06	-4.514613e-08	-5.746912e+01	-2.958952e+03
3.290000e-06	-7.970933e-06	-4.514528e-08	-5.750901e+01	-2.958899e+03
3.300000e-06	-7.973665e-06	-4.513757e-08	-5.752873e+01	-2.958459e+03
3.310000e-06	-7.973764e-06	-4.512298e-08	-5.752944e+01	-2.957790e+03
