# Temperatura_=_21.1
# Concentracion g/m^3_=_20000.0
# C_Vs_to_Am_M_A/Vsm_=_65563218390.804596
# pendiente_HvsI_1/m_=_3716.3
# ordenada_HvsI_A/m_=_1297.0
# frecuencia_Hz_=_301785.57282537286

Tiempo_(s)	Campo_(V.s)	Magnetizacion_(V.s)	Campo_(kA/m)	Magnetizacion_(A/m)
0.000000e+00	-8.010879e-06	-4.581305e-08	-5.751966e+01	-3.002468e+03
1.000000e-08	-8.007520e-06	-4.580282e-08	-5.749554e+01	-3.001665e+03
2.000000e-08	-8.001524e-06	-4.578269e-08	-5.745249e+01	-3.000775e+03
3.000000e-08	-7.992999e-06	-4.575704e-08	-5.739127e+01	-2.999624e+03
4.000000e-08	-7.981604e-06	-4.572749e-08	-5.730946e+01	-2.998006e+03
5.000000e-08	-7.967211e-06	-4.569402e-08	-5.720611e+01	-2.995828e+03
6.000000e-08	-7.949996e-06	-4.565227e-08	-5.708251e+01	-2.993161e+03
7.000000e-08	-7.930371e-06	-4.559161e-08	-5.694159e+01	-2.990183e+03
8.000000e-08	-7.908380e-06	-4.555873e-08	-5.678370e+01	-2.987043e+03
9.000000e-08	-7.883363e-06	-4.557797e-08	-5.660406e+01	-2.983770e+03
1.000000e-07	-7.855060e-06	-4.551125e-08	-5.640084e+01	-2.980266e+03
1.100000e-07	-7.823791e-06	-4.540686e-08	-5.617633e+01	-2.976400e+03
1.200000e-07	-7.789680e-06	-4.534550e-08	-5.593140e+01	-2.972102e+03
1.300000e-07	-7.752925e-06	-4.528187e-08	-5.566750e+01	-2.967420e+03
1.400000e-07	-7.713971e-06	-4.515666e-08	-5.538780e+01	-2.962488e+03
1.500000e-07	-7.672773e-06	-4.505553e-08	-5.509199e+01	-2.957445e+03
1.600000e-07	-7.628818e-06	-4.505800e-08	-5.477639e+01	-2.952370e+03
1.700000e-07	-7.582112e-06	-4.487072e-08	-5.444102e+01	-2.947248e+03
1.800000e-07	-7.532714e-06	-4.482754e-08	-5.408634e+01	-2.941983e+03
1.900000e-07	-7.480254e-06	-4.477395e-08	-5.370967e+01	-2.936432e+03
2.000000e-07	-7.424906e-06	-4.456765e-08	-5.331226e+01	-2.930436e+03
2.100000e-07	-7.366800e-06	-4.450967e-08	-5.289504e+01	-2.923854e+03
2.200000e-07	-7.306039e-06	-4.436062e-08	-5.245877e+01	-2.916592e+03
2.300000e-07	-7.242738e-06	-4.427150e-08	-5.200425e+01	-2.908626e+03
2.400000e-07	-7.176698e-06	-4.414255e-08	-5.153007e+01	-2.900005e+03
2.500000e-07	-7.108050e-06	-4.398178e-08	-5.103717e+01	-2.890816e+03
2.600000e-07	-7.036817e-06	-4.384390e-08	-5.052570e+01	-2.881136e+03
2.700000e-07	-6.962895e-06	-4.367329e-08	-4.999493e+01	-2.871000e+03
2.800000e-07	-6.886185e-06	-4.352221e-08	-4.944414e+01	-2.860398e+03
2.900000e-07	-6.806697e-06	-4.331193e-08	-4.887340e+01	-2.849322e+03
3.000000e-07	-6.724632e-06	-4.316508e-08	-4.828415e+01	-2.837798e+03
3.100000e-07	-6.640232e-06	-4.300271e-08	-4.767815e+01	-2.825874e+03
3.200000e-07	-6.553699e-06	-4.280891e-08	-4.705682e+01	-2.813568e+03
3.300000e-07	-6.464878e-06	-4.262588e-08	-4.641907e+01	-2.800810e+03
3.400000e-07	-6.373681e-06	-4.238450e-08	-4.576426e+01	-2.787451e+03
3.500000e-07	-6.280227e-06	-4.217041e-08	-4.509324e+01	-2.773340e+03
3.600000e-07	-6.184549e-06	-4.195215e-08	-4.440625e+01	-2.758443e+03
3.700000e-07	-6.086581e-06	-4.171908e-08	-4.370283e+01	-2.742895e+03
3.800000e-07	-5.986288e-06	-4.146841e-08	-4.298270e+01	-2.726931e+03
3.900000e-07	-5.883826e-06	-4.122336e-08	-4.224701e+01	-2.710726e+03
4.000000e-07	-5.779267e-06	-4.098550e-08	-4.149625e+01	-2.694249e+03
4.100000e-07	-5.672682e-06	-4.071504e-08	-4.073095e+01	-2.677239e+03
4.200000e-07	-5.564092e-06	-4.043569e-08	-3.995125e+01	-2.659350e+03
4.300000e-07	-5.453438e-06	-4.013429e-08	-3.915673e+01	-2.640365e+03
4.400000e-07	-5.340688e-06	-3.984319e-08	-3.834717e+01	-2.620335e+03
4.500000e-07	-5.225919e-06	-3.953590e-08	-3.752310e+01	-2.599541e+03
4.600000e-07	-5.109145e-06	-3.920686e-08	-3.668465e+01	-2.578288e+03
4.700000e-07	-4.990362e-06	-3.886524e-08	-3.583176e+01	-2.556690e+03
4.800000e-07	-4.869729e-06	-3.852202e-08	-3.496559e+01	-2.534587e+03
4.900000e-07	-4.747369e-06	-3.817711e-08	-3.408702e+01	-2.511659e+03
5.000000e-07	-4.623379e-06	-3.780922e-08	-3.319675e+01	-2.487640e+03
5.100000e-07	-4.497709e-06	-3.742548e-08	-3.229442e+01	-2.462481e+03
5.200000e-07	-4.370373e-06	-3.702545e-08	-3.138012e+01	-2.436335e+03
5.300000e-07	-4.241466e-06	-3.662418e-08	-3.045454e+01	-2.409398e+03
5.400000e-07	-4.111037e-06	-3.620459e-08	-2.951804e+01	-2.381727e+03
5.500000e-07	-3.979164e-06	-3.576130e-08	-2.857116e+01	-2.353196e+03
5.600000e-07	-3.845788e-06	-3.530289e-08	-2.761350e+01	-2.323603e+03
5.700000e-07	-3.710938e-06	-3.483950e-08	-2.664525e+01	-2.292842e+03
5.800000e-07	-3.574735e-06	-3.436441e-08	-2.566728e+01	-2.260980e+03
5.900000e-07	-3.437239e-06	-3.386134e-08	-2.468004e+01	-2.228169e+03
6.000000e-07	-3.298471e-06	-3.333589e-08	-2.368366e+01	-2.194468e+03
6.100000e-07	-3.158397e-06	-3.279890e-08	-2.267790e+01	-2.159729e+03
6.200000e-07	-3.016936e-06	-3.225236e-08	-2.166218e+01	-2.123656e+03
6.300000e-07	-2.874165e-06	-3.168183e-08	-2.063706e+01	-2.085996e+03
6.400000e-07	-2.730336e-06	-3.108322e-08	-1.960434e+01	-2.046721e+03
6.500000e-07	-2.585564e-06	-3.046702e-08	-1.856485e+01	-2.006032e+03
6.600000e-07	-2.439976e-06	-2.983829e-08	-1.751950e+01	-1.964177e+03
6.700000e-07	-2.293489e-06	-2.918472e-08	-1.646769e+01	-1.921209e+03
6.800000e-07	-2.146060e-06	-2.849555e-08	-1.540912e+01	-1.876892e+03
6.900000e-07	-1.997930e-06	-2.778063e-08	-1.434552e+01	-1.830837e+03
7.000000e-07	-1.849195e-06	-2.705009e-08	-1.327758e+01	-1.782766e+03
7.100000e-07	-1.699841e-06	-2.629983e-08	-1.220519e+01	-1.732687e+03
7.200000e-07	-1.549832e-06	-2.551510e-08	-1.112809e+01	-1.680842e+03
7.300000e-07	-1.399221e-06	-2.469357e-08	-1.004667e+01	-1.627439e+03
7.400000e-07	-1.248112e-06	-2.384519e-08	-8.961687e+00	-1.572406e+03
7.500000e-07	-1.096604e-06	-2.297010e-08	-7.873825e+00	-1.515373e+03
7.600000e-07	-9.447208e-07	-2.206116e-08	-6.783278e+00	-1.455920e+03
7.700000e-07	-7.924484e-07	-2.111471e-08	-5.689932e+00	-1.393892e+03
7.800000e-07	-6.399039e-07	-2.013586e-08	-4.594633e+00	-1.329514e+03
7.900000e-07	-4.871927e-07	-1.912837e-08	-3.498137e+00	-1.263158e+03
8.000000e-07	-3.343133e-07	-1.808679e-08	-2.400434e+00	-1.194920e+03
8.100000e-07	-1.812652e-07	-1.699820e-08	-1.301519e+00	-1.124353e+03
8.200000e-07	-2.814606e-08	-1.585904e-08	-2.020941e-01	-1.050600e+03
8.300000e-07	1.249520e-07	-1.467481e-08	8.971795e-01	-9.728855e+02
8.400000e-07	2.779925e-07	-1.344221e-08	1.996039e+00	-8.909883e+02
8.500000e-07	4.309506e-07	-1.214923e-08	3.094308e+00	-8.052513e+02
8.600000e-07	5.837699e-07	-1.078256e-08	4.191580e+00	-7.159955e+02
8.700000e-07	7.363614e-07	-9.332422e-09	5.287217e+00	-6.226613e+02
8.800000e-07	8.886820e-07	-7.788527e-09	6.380908e+00	-5.233027e+02
8.900000e-07	1.040741e-06	-6.128024e-09	7.472722e+00	-4.149292e+02
9.000000e-07	1.192480e-06	-4.312651e-09	8.562239e+00	-2.946682e+02
9.100000e-07	1.343763e-06	-2.301736e-09	9.648479e+00	-1.611489e+02
9.200000e-07	1.494533e-06	-7.002138e-11	1.073103e+01	-1.528658e+01
9.300000e-07	1.644759e-06	2.324644e-09	1.180969e+01	1.400247e+02
9.400000e-07	1.794344e-06	4.760483e-09	1.288373e+01	3.011280e+02
9.500000e-07	1.943257e-06	7.188572e-09	1.395296e+01	4.649594e+02
9.600000e-07	2.091543e-06	9.633591e-09	1.501768e+01	6.296956e+02
9.700000e-07	2.239172e-06	1.209777e-08	1.607769e+01	7.943367e+02
9.800000e-07	2.386009e-06	1.454621e-08	1.713201e+01	9.575989e+02
9.900000e-07	2.531939e-06	1.695185e-08	1.817981e+01	1.116973e+03
1.000000e-06	2.676946e-06	1.925639e-08	1.922099e+01	1.268696e+03
1.010000e-06	2.820985e-06	2.136103e-08	2.025521e+01	1.408754e+03
1.020000e-06	2.963960e-06	2.322909e-08	2.128181e+01	1.534350e+03
1.030000e-06	3.105791e-06	2.489127e-08	2.230018e+01	1.644925e+03
1.040000e-06	3.246397e-06	2.637942e-08	2.330976e+01	1.742142e+03
1.050000e-06	3.385731e-06	2.771694e-08	2.431020e+01	1.828857e+03
1.060000e-06	3.523801e-06	2.892217e-08	2.530157e+01	1.907768e+03
1.070000e-06	3.660563e-06	3.001557e-08	2.628355e+01	1.980490e+03
1.080000e-06	3.795957e-06	3.101840e-08	2.725570e+01	2.047505e+03
1.090000e-06	3.929998e-06	3.194416e-08	2.821814e+01	2.108796e+03
1.100000e-06	4.062621e-06	3.279638e-08	2.917040e+01	2.164588e+03
1.110000e-06	4.193759e-06	3.358284e-08	3.011200e+01	2.215665e+03
1.120000e-06	4.323425e-06	3.431452e-08	3.104303e+01	2.263125e+03
1.130000e-06	4.451591e-06	3.499759e-08	3.196328e+01	2.307850e+03
1.140000e-06	4.578229e-06	3.563556e-08	3.287256e+01	2.350159e+03
1.150000e-06	4.703238e-06	3.623001e-08	3.377016e+01	2.389884e+03
1.160000e-06	4.826510e-06	3.678644e-08	3.465527e+01	2.426778e+03
1.170000e-06	4.948045e-06	3.731278e-08	3.552792e+01	2.460917e+03
1.180000e-06	5.067791e-06	3.781052e-08	3.638772e+01	2.492784e+03
1.190000e-06	5.185695e-06	3.827610e-08	3.723429e+01	2.523015e+03
1.200000e-06	5.301649e-06	3.871516e-08	3.806686e+01	2.552034e+03
1.210000e-06	5.415479e-06	3.913572e-08	3.888418e+01	2.579865e+03
1.220000e-06	5.527199e-06	3.953938e-08	3.968636e+01	2.606265e+03
1.230000e-06	5.636996e-06	3.992279e-08	4.047472e+01	2.631027e+03
1.240000e-06	5.744883e-06	4.028376e-08	4.124937e+01	2.654219e+03
1.250000e-06	5.850723e-06	4.062363e-08	4.200932e+01	2.676171e+03
1.260000e-06	5.954446e-06	4.094789e-08	4.275407e+01	2.697246e+03
1.270000e-06	6.056041e-06	4.125810e-08	4.348354e+01	2.717595e+03
1.280000e-06	6.155391e-06	4.155234e-08	4.419689e+01	2.737103e+03
1.290000e-06	6.252406e-06	4.183125e-08	4.489348e+01	2.755546e+03
1.300000e-06	6.347180e-06	4.209877e-08	4.557397e+01	2.772830e+03
1.310000e-06	6.439775e-06	4.235614e-08	4.623882e+01	2.789097e+03
1.320000e-06	6.530130e-06	4.260050e-08	4.688759e+01	2.804638e+03
1.330000e-06	6.618143e-06	4.283096e-08	4.751954e+01	2.819672e+03
1.340000e-06	6.703934e-06	4.304884e-08	4.813554e+01	2.834196e+03
1.350000e-06	6.787512e-06	4.325781e-08	4.873564e+01	2.848017e+03
1.360000e-06	6.868627e-06	4.345761e-08	4.931806e+01	2.860938e+03
1.370000e-06	6.947185e-06	4.364604e-08	4.988212e+01	2.872946e+03
1.380000e-06	7.023117e-06	4.382442e-08	5.042733e+01	2.884243e+03
1.390000e-06	7.096395e-06	4.399628e-08	5.095348e+01	2.895096e+03
1.400000e-06	7.167120e-06	4.416191e-08	5.146130e+01	2.905643e+03
1.410000e-06	7.235334e-06	4.431587e-08	5.195109e+01	2.915794e+03
1.420000e-06	7.300904e-06	4.446033e-08	5.242190e+01	2.925322e+03
1.430000e-06	7.363863e-06	4.459938e-08	5.287396e+01	2.934057e+03
1.440000e-06	7.424417e-06	4.473053e-08	5.330875e+01	2.942038e+03
1.450000e-06	7.482382e-06	4.485225e-08	5.372495e+01	2.949490e+03
1.460000e-06	7.537580e-06	4.496675e-08	5.412127e+01	2.956658e+03
1.470000e-06	7.589846e-06	4.507589e-08	5.449656e+01	2.963630e+03
1.480000e-06	7.638997e-06	4.518060e-08	5.484947e+01	2.970287e+03
1.490000e-06	7.685316e-06	4.527844e-08	5.518205e+01	2.976415e+03
1.500000e-06	7.728985e-06	4.536737e-08	5.549560e+01	2.981882e+03
1.510000e-06	7.769791e-06	4.544912e-08	5.578859e+01	2.986742e+03
1.520000e-06	7.807833e-06	4.552613e-08	5.606174e+01	2.991185e+03
1.530000e-06	7.843272e-06	4.559703e-08	5.631620e+01	2.995377e+03
1.540000e-06	7.875900e-06	4.565934e-08	5.655048e+01	2.999332e+03
1.550000e-06	7.905772e-06	4.571560e-08	5.676496e+01	3.002907e+03
1.560000e-06	7.932943e-06	4.576766e-08	5.696006e+01	3.005930e+03
1.570000e-06	7.957252e-06	4.581418e-08	5.713460e+01	3.008347e+03
1.580000e-06	7.978777e-06	4.585198e-08	5.728916e+01	3.010272e+03
1.590000e-06	7.997551e-06	4.587985e-08	5.742395e+01	3.011899e+03
1.600000e-06	8.013419e-06	4.590186e-08	5.753789e+01	3.013349e+03
1.610000e-06	8.026281e-06	4.592153e-08	5.763025e+01	3.014578e+03
1.620000e-06	8.035986e-06	4.593761e-08	5.769993e+01	3.015419e+03
1.630000e-06	8.042662e-06	4.594755e-08	5.774786e+01	3.015722e+03
1.640000e-06	8.046617e-06	4.595210e-08	5.777626e+01	3.015489e+03
1.650000e-06	8.047801e-06	4.595400e-08	5.778476e+01	3.014884e+03
1.660000e-06	8.046267e-06	4.594701e-08	5.777375e+01	3.014116e+03
1.670000e-06	8.042156e-06	4.593019e-08	5.774423e+01	3.013293e+03
1.680000e-06	8.035287e-06	4.591347e-08	5.769491e+01	3.012340e+03
1.690000e-06	8.025647e-06	4.589346e-08	5.762570e+01	3.011055e+03
1.700000e-06	8.013204e-06	4.586950e-08	5.753635e+01	3.009257e+03
1.710000e-06	7.998011e-06	4.584668e-08	5.742726e+01	3.006903e+03
1.720000e-06	7.980435e-06	4.583146e-08	5.730106e+01	3.004113e+03
1.730000e-06	7.960500e-06	4.578710e-08	5.715793e+01	3.001068e+03
1.740000e-06	7.937626e-06	4.564779e-08	5.699369e+01	2.997886e+03
1.750000e-06	7.911048e-06	4.558862e-08	5.680285e+01	2.994550e+03
1.760000e-06	7.880716e-06	4.557173e-08	5.658506e+01	2.990940e+03
1.770000e-06	7.847447e-06	4.550548e-08	5.634619e+01	2.986933e+03
1.780000e-06	7.811933e-06	4.545406e-08	5.609118e+01	2.982499e+03
1.790000e-06	7.774265e-06	4.547657e-08	5.582072e+01	2.977717e+03
1.800000e-06	7.734599e-06	4.532104e-08	5.553591e+01	2.972732e+03
1.810000e-06	7.692713e-06	4.521441e-08	5.523516e+01	2.967672e+03
1.820000e-06	7.648041e-06	4.526350e-08	5.491441e+01	2.962585e+03
1.830000e-06	7.600601e-06	4.507450e-08	5.457378e+01	2.957428e+03
1.840000e-06	7.550068e-06	4.510378e-08	5.421094e+01	2.952085e+03
1.850000e-06	7.496418e-06	4.500271e-08	5.382572e+01	2.946405e+03
1.860000e-06	7.440120e-06	4.490105e-08	5.342149e+01	2.940231e+03
1.870000e-06	7.381125e-06	4.491147e-08	5.299790e+01	2.933434e+03
1.880000e-06	7.319596e-06	4.469283e-08	5.255611e+01	2.925942e+03
1.890000e-06	7.255344e-06	4.463601e-08	5.209477e+01	2.917754e+03
1.900000e-06	7.188288e-06	4.444849e-08	5.161330e+01	2.908938e+03
1.910000e-06	7.118554e-06	4.432842e-08	5.111259e+01	2.899581e+03
1.920000e-06	7.046025e-06	4.421254e-08	5.059182e+01	2.889751e+03
1.930000e-06	6.970876e-06	4.401614e-08	5.005223e+01	2.879463e+03
1.940000e-06	6.893009e-06	4.391430e-08	4.949314e+01	2.868706e+03
1.950000e-06	6.812540e-06	4.367184e-08	4.891535e+01	2.857478e+03
1.960000e-06	6.729659e-06	4.354496e-08	4.832025e+01	2.845817e+03
1.970000e-06	6.644397e-06	4.332804e-08	4.770805e+01	2.833769e+03
1.980000e-06	6.556792e-06	4.313010e-08	4.707903e+01	2.821327e+03
1.990000e-06	6.466811e-06	4.297200e-08	4.643295e+01	2.808391e+03
2.000000e-06	6.374596e-06	4.273996e-08	4.577083e+01	2.794800e+03
2.010000e-06	6.280100e-06	4.254902e-08	4.509233e+01	2.780430e+03
2.020000e-06	6.183375e-06	4.227549e-08	4.439782e+01	2.765298e+03
2.030000e-06	6.084479e-06	4.206729e-08	4.368773e+01	2.749587e+03
2.040000e-06	5.983427e-06	4.180952e-08	4.296216e+01	2.733531e+03
2.050000e-06	5.880158e-06	4.157788e-08	4.222067e+01	2.717251e+03
2.060000e-06	5.774776e-06	4.131548e-08	4.146401e+01	2.700636e+03
2.070000e-06	5.667446e-06	4.104170e-08	4.069335e+01	2.683377e+03
2.080000e-06	5.558123e-06	4.077628e-08	3.990839e+01	2.665144e+03
2.090000e-06	5.446744e-06	4.046981e-08	3.910867e+01	2.645801e+03
2.100000e-06	5.333168e-06	4.017471e-08	3.829318e+01	2.625487e+03
2.110000e-06	5.217483e-06	3.984025e-08	3.746254e+01	2.604514e+03
2.120000e-06	5.099846e-06	3.953197e-08	3.661787e+01	2.583148e+03
2.130000e-06	4.980309e-06	3.919533e-08	3.575958e+01	2.561413e+03
2.140000e-06	4.858897e-06	3.886207e-08	3.488782e+01	2.539079e+03
2.150000e-06	4.735704e-06	3.849484e-08	3.400327e+01	2.515818e+03
2.160000e-06	4.610818e-06	3.812715e-08	3.310656e+01	2.491423e+03
2.170000e-06	4.484391e-06	3.774504e-08	3.219879e+01	2.465921e+03
2.180000e-06	4.356365e-06	3.734479e-08	3.127954e+01	2.439500e+03
2.190000e-06	4.226738e-06	3.692629e-08	3.034879e+01	2.412328e+03
2.200000e-06	4.095612e-06	3.648960e-08	2.940728e+01	2.384398e+03
2.210000e-06	3.962973e-06	3.605229e-08	2.845491e+01	2.355542e+03
2.220000e-06	3.828971e-06	3.559450e-08	2.749275e+01	2.325574e+03
2.230000e-06	3.693582e-06	3.512702e-08	2.652063e+01	2.294442e+03
2.240000e-06	3.556726e-06	3.463334e-08	2.553798e+01	2.262256e+03
2.250000e-06	3.418547e-06	3.413496e-08	2.454583e+01	2.229159e+03
2.260000e-06	3.279159e-06	3.361820e-08	2.354499e+01	2.195147e+03
2.270000e-06	3.138520e-06	3.308308e-08	2.253518e+01	2.160012e+03
2.280000e-06	2.996690e-06	3.251661e-08	2.151681e+01	2.123444e+03
2.290000e-06	2.853788e-06	3.193007e-08	2.049075e+01	2.085252e+03
2.300000e-06	2.709871e-06	3.132653e-08	1.945739e+01	2.045490e+03
2.310000e-06	2.564914e-06	3.070706e-08	1.841658e+01	2.004402e+03
2.320000e-06	2.419016e-06	3.006297e-08	1.736900e+01	1.962194e+03
2.330000e-06	2.272292e-06	2.939444e-08	1.631550e+01	1.918827e+03
2.340000e-06	2.124770e-06	2.870711e-08	1.525626e+01	1.873991e+03
2.350000e-06	1.976495e-06	2.799653e-08	1.419161e+01	1.827303e+03
2.360000e-06	1.827478e-06	2.725785e-08	1.312165e+01	1.778568e+03
2.370000e-06	1.677796e-06	2.648806e-08	1.204690e+01	1.727888e+03
2.380000e-06	1.527601e-06	2.569425e-08	1.096847e+01	1.675526e+03
2.390000e-06	1.376996e-06	2.487341e-08	9.887096e+00	1.621620e+03
2.400000e-06	1.225975e-06	2.402279e-08	8.802735e+00	1.565991e+03
2.410000e-06	1.074538e-06	2.313477e-08	7.715393e+00	1.508216e+03
2.420000e-06	9.227058e-07	2.221521e-08	6.625206e+00	1.447930e+03
2.430000e-06	7.705292e-07	2.126627e-08	5.532549e+00	1.385105e+03
2.440000e-06	6.180982e-07	2.028867e-08	4.438065e+00	1.320052e+03
2.450000e-06	4.654127e-07	1.927288e-08	3.341753e+00	1.253101e+03
2.460000e-06	3.124723e-07	1.821407e-08	2.243611e+00	1.184187e+03
2.470000e-06	1.593926e-07	1.711108e-08	1.144470e+00	1.112694e+03
2.480000e-06	6.276211e-09	1.596314e-08	4.506441e-02	1.037729e+03
2.490000e-06	-1.468275e-07	1.476570e-08	-1.054250e+00	9.586588e+02
2.500000e-06	-2.997763e-07	1.351309e-08	-2.152452e+00	8.754713e+02
2.510000e-06	-4.525411e-07	1.220226e-08	-3.249333e+00	7.885907e+02
2.520000e-06	-6.051405e-07	1.082546e-08	-4.345026e+00	6.981451e+02
2.530000e-06	-7.575495e-07	9.366772e-09	-5.439351e+00	6.031498e+02
2.540000e-06	-9.097024e-07	7.799120e-09	-6.531839e+00	5.012399e+02
2.550000e-06	-1.061489e-06	6.098908e-09	-7.621693e+00	3.893090e+02
2.560000e-06	-1.212838e-06	4.235698e-09	-8.708407e+00	2.648296e+02
2.570000e-06	-1.363728e-06	2.168870e-09	-9.791827e+00	1.271280e+02
2.580000e-06	-1.514151e-06	-1.258353e-10	-1.087190e+01	-2.215653e+01
2.590000e-06	-1.664051e-06	-2.591391e-09	-1.194821e+01	-1.797266e+02
2.600000e-06	-1.813336e-06	-5.122553e-09	-1.302010e+01	-3.419875e+02
2.610000e-06	-1.961947e-06	-7.662418e-09	-1.408716e+01	-5.062542e+02
2.620000e-06	-2.109840e-06	-1.019373e-08	-1.514906e+01	-6.710609e+02
2.630000e-06	-2.256944e-06	-1.271832e-08	-1.620529e+01	-8.354480e+02
2.640000e-06	-2.403256e-06	-1.524786e-08	-1.725584e+01	-9.978076e+02
2.650000e-06	-2.548732e-06	-1.773547e-08	-1.830039e+01	-1.155176e+03
2.660000e-06	-2.693254e-06	-2.004932e-08	-1.933808e+01	-1.303561e+03
2.670000e-06	-2.836730e-06	-2.210911e-08	-2.036827e+01	-1.439183e+03
2.680000e-06	-2.979187e-06	-2.393234e-08	-2.139114e+01	-1.559897e+03
2.690000e-06	-3.120614e-06	-2.555415e-08	-2.240661e+01	-1.665915e+03
2.700000e-06	-3.260905e-06	-2.700385e-08	-2.341393e+01	-1.759429e+03
2.710000e-06	-3.399845e-06	-2.831011e-08	-2.441154e+01	-1.843386e+03
2.720000e-06	-3.537420e-06	-2.949610e-08	-2.539936e+01	-1.920196e+03
2.730000e-06	-3.673750e-06	-3.057431e-08	-2.637823e+01	-1.991074e+03
2.740000e-06	-3.808708e-06	-3.155591e-08	-2.734726e+01	-2.056256e+03
2.750000e-06	-3.942266e-06	-3.245593e-08	-2.830623e+01	-2.115732e+03
2.760000e-06	-4.074436e-06	-3.328971e-08	-2.925523e+01	-2.169901e+03
2.770000e-06	-4.205151e-06	-3.406305e-08	-3.019380e+01	-2.219699e+03
2.780000e-06	-4.334416e-06	-3.478102e-08	-3.112194e+01	-2.266210e+03
2.790000e-06	-4.462157e-06	-3.544826e-08	-3.203915e+01	-2.310156e+03
2.800000e-06	-4.588301e-06	-3.607212e-08	-3.294488e+01	-2.351669e+03
2.810000e-06	-4.712809e-06	-3.665900e-08	-3.383887e+01	-2.390504e+03
2.820000e-06	-4.835623e-06	-3.720818e-08	-3.472070e+01	-2.426486e+03
2.830000e-06	-4.956667e-06	-3.772104e-08	-3.558982e+01	-2.459830e+03
2.840000e-06	-5.075845e-06	-3.820419e-08	-3.644555e+01	-2.491109e+03
2.850000e-06	-5.193049e-06	-3.866165e-08	-3.728709e+01	-2.520925e+03
2.860000e-06	-5.308118e-06	-3.909418e-08	-3.811331e+01	-2.549581e+03
2.870000e-06	-5.421042e-06	-3.950204e-08	-3.892413e+01	-2.576987e+03
2.880000e-06	-5.531863e-06	-3.988847e-08	-3.971984e+01	-2.602875e+03
2.890000e-06	-5.640623e-06	-4.025461e-08	-4.050076e+01	-2.627112e+03
2.900000e-06	-5.747481e-06	-4.060329e-08	-4.126802e+01	-2.649866e+03
2.910000e-06	-5.852482e-06	-4.093752e-08	-4.202195e+01	-2.671506e+03
2.920000e-06	-5.955362e-06	-4.125514e-08	-4.276065e+01	-2.692348e+03
2.930000e-06	-6.055970e-06	-4.155624e-08	-4.348303e+01	-2.712452e+03
2.940000e-06	-6.154413e-06	-4.184157e-08	-4.418987e+01	-2.731643e+03
2.950000e-06	-6.250706e-06	-4.211215e-08	-4.488127e+01	-2.749716e+03
2.960000e-06	-6.344749e-06	-4.236905e-08	-4.555652e+01	-2.766650e+03
2.970000e-06	-6.436539e-06	-4.261341e-08	-4.621559e+01	-2.782654e+03
2.980000e-06	-6.526112e-06	-4.284683e-08	-4.685874e+01	-2.798020e+03
2.990000e-06	-6.613396e-06	-4.307049e-08	-4.748546e+01	-2.812905e+03
3.000000e-06	-6.698247e-06	-4.328332e-08	-4.809470e+01	-2.827232e+03
3.010000e-06	-6.780702e-06	-4.348336e-08	-4.868675e+01	-2.840782e+03
3.020000e-06	-6.860863e-06	-4.367194e-08	-4.926232e+01	-2.853403e+03
3.030000e-06	-6.938453e-06	-4.385343e-08	-4.981943e+01	-2.865156e+03
3.040000e-06	-7.013274e-06	-4.402673e-08	-5.035666e+01	-2.876286e+03
3.050000e-06	-7.085538e-06	-4.418912e-08	-5.087553e+01	-2.887040e+03
3.060000e-06	-7.155288e-06	-4.433896e-08	-5.137634e+01	-2.897483e+03
3.070000e-06	-7.222432e-06	-4.448031e-08	-5.185846e+01	-2.907462e+03
3.080000e-06	-7.287099e-06	-4.461570e-08	-5.232278e+01	-2.916748e+03
3.090000e-06	-7.349207e-06	-4.474309e-08	-5.276873e+01	-2.925229e+03
3.100000e-06	-7.408630e-06	-4.486084e-08	-5.319539e+01	-2.933014e+03
3.110000e-06	-7.465417e-06	-4.496942e-08	-5.360313e+01	-2.940355e+03
3.120000e-06	-7.519425e-06	-4.507269e-08	-5.399092e+01	-2.947464e+03
3.130000e-06	-7.570500e-06	-4.517208e-08	-5.435765e+01	-2.954359e+03
3.140000e-06	-7.618449e-06	-4.526316e-08	-5.470193e+01	-2.960872e+03
3.150000e-06	-7.663518e-06	-4.534516e-08	-5.502554e+01	-2.966797e+03
3.160000e-06	-7.706221e-06	-4.542105e-08	-5.533215e+01	-2.972057e+03
3.170000e-06	-7.746406e-06	-4.549270e-08	-5.562069e+01	-2.976763e+03
3.180000e-06	-7.783749e-06	-4.555697e-08	-5.588882e+01	-2.981115e+03
3.190000e-06	-7.818297e-06	-4.561121e-08	-5.613688e+01	-2.985242e+03
3.200000e-06	-7.850138e-06	-4.565759e-08	-5.636551e+01	-2.989098e+03
3.210000e-06	-7.879148e-06	-4.570125e-08	-5.657380e+01	-2.992514e+03
3.220000e-06	-7.905345e-06	-4.574227e-08	-5.676190e+01	-2.995342e+03
3.230000e-06	-7.928821e-06	-4.577678e-08	-5.693046e+01	-2.997585e+03
3.240000e-06	-7.949412e-06	-4.580381e-08	-5.707831e+01	-2.999397e+03
3.250000e-06	-7.967177e-06	-4.582365e-08	-5.720586e+01	-3.000964e+03
3.260000e-06	-7.982135e-06	-4.583769e-08	-5.731326e+01	-3.002360e+03
3.270000e-06	-7.993980e-06	-4.584580e-08	-5.739832e+01	-3.003487e+03
3.280000e-06	-8.002804e-06	-4.584871e-08	-5.746168e+01	-3.004169e+03
3.290000e-06	-8.008727e-06	-4.584539e-08	-5.750420e+01	-3.004294e+03
3.300000e-06	-8.011831e-06	-4.583910e-08	-5.752649e+01	-3.003921e+03
3.310000e-06	-8.012280e-06	-4.582722e-08	-5.752971e+01	-3.003246e+03
