# Temperatura_=_83.68
# Concentracion g/m^3_=_48100.0
# C_Vs_to_Am_M_A/Vsm_=_65563218390.804596
# pendiente_HvsI_1/m_=_3716.3
# ordenada_HvsI_A/m_=_1297.0
# frecuencia_Hz_=_301786.57855803735

Tiempo_(s)	Campo_(V.s)	Magnetizacion_(V.s)	Campo_(kA/m)	Magnetizacion_(A/m)
0.000000e+00	-8.048403e-06	-4.395806e-08	-5.751434e+01	-2.884971e+03
1.000000e-08	-8.044649e-06	-4.394350e-08	-5.748751e+01	-2.884196e+03
2.000000e-08	-8.038307e-06	-4.392025e-08	-5.744220e+01	-2.882998e+03
3.000000e-08	-8.029356e-06	-4.389353e-08	-5.737823e+01	-2.881405e+03
4.000000e-08	-8.017541e-06	-4.386439e-08	-5.729380e+01	-2.879521e+03
5.000000e-08	-8.002705e-06	-4.383179e-08	-5.718778e+01	-2.877427e+03
6.000000e-08	-7.985021e-06	-4.379071e-08	-5.706141e+01	-2.875120e+03
7.000000e-08	-7.964991e-06	-4.373639e-08	-5.691827e+01	-2.872530e+03
8.000000e-08	-7.942490e-06	-4.373455e-08	-5.675748e+01	-2.869609e+03
9.000000e-08	-7.916859e-06	-4.375096e-08	-5.657432e+01	-2.866379e+03
1.000000e-07	-7.887955e-06	-4.367537e-08	-5.636777e+01	-2.862908e+03
1.100000e-07	-7.856099e-06	-4.358403e-08	-5.614012e+01	-2.859231e+03
1.200000e-07	-7.821370e-06	-4.352425e-08	-5.589195e+01	-2.855298e+03
1.300000e-07	-7.784051e-06	-4.345756e-08	-5.562527e+01	-2.851015e+03
1.400000e-07	-7.744633e-06	-4.332508e-08	-5.534359e+01	-2.846360e+03
1.500000e-07	-7.702903e-06	-4.324639e-08	-5.504538e+01	-2.841467e+03
1.600000e-07	-7.658297e-06	-4.322106e-08	-5.472662e+01	-2.836571e+03
1.700000e-07	-7.610920e-06	-4.307389e-08	-5.438807e+01	-2.831838e+03
1.800000e-07	-7.560799e-06	-4.306021e-08	-5.402990e+01	-2.827191e+03
1.900000e-07	-7.507597e-06	-4.297253e-08	-5.364971e+01	-2.822287e+03
2.000000e-07	-7.451551e-06	-4.280633e-08	-5.324921e+01	-2.816694e+03
2.100000e-07	-7.392790e-06	-4.273264e-08	-5.282929e+01	-2.810158e+03
2.200000e-07	-7.331405e-06	-4.259334e-08	-5.239063e+01	-2.802767e+03
2.300000e-07	-7.267433e-06	-4.251808e-08	-5.193349e+01	-2.794872e+03
2.400000e-07	-7.200658e-06	-4.237804e-08	-5.145631e+01	-2.786810e+03
2.500000e-07	-7.131243e-06	-4.224322e-08	-5.096026e+01	-2.778644e+03
2.600000e-07	-7.059207e-06	-4.211958e-08	-5.044549e+01	-2.770108e+03
2.700000e-07	-6.984412e-06	-4.197464e-08	-4.991100e+01	-2.760819e+03
2.800000e-07	-6.906799e-06	-4.181533e-08	-4.935638e+01	-2.750596e+03
2.900000e-07	-6.826398e-06	-4.161685e-08	-4.878182e+01	-2.739633e+03
3.000000e-07	-6.743516e-06	-4.149022e-08	-4.818955e+01	-2.728377e+03
3.100000e-07	-6.658461e-06	-4.132975e-08	-4.758174e+01	-2.717193e+03
3.200000e-07	-6.571184e-06	-4.116367e-08	-4.695805e+01	-2.706067e+03
3.300000e-07	-6.481469e-06	-4.097652e-08	-4.631694e+01	-2.694590e+03
3.400000e-07	-6.389407e-06	-4.075371e-08	-4.565906e+01	-2.682238e+03
3.500000e-07	-6.295153e-06	-4.055886e-08	-4.498551e+01	-2.668754e+03
3.600000e-07	-6.198615e-06	-4.035558e-08	-4.429565e+01	-2.654335e+03
3.700000e-07	-6.099748e-06	-4.013747e-08	-4.358914e+01	-2.639479e+03
3.800000e-07	-5.998699e-06	-3.990003e-08	-4.286704e+01	-2.624608e+03
3.900000e-07	-5.895514e-06	-3.968597e-08	-4.212968e+01	-2.609744e+03
4.000000e-07	-5.790108e-06	-3.946212e-08	-4.137644e+01	-2.594494e+03
4.100000e-07	-5.682618e-06	-3.920583e-08	-4.060831e+01	-2.578345e+03
4.200000e-07	-5.573158e-06	-3.892874e-08	-3.982610e+01	-2.561034e+03
4.300000e-07	-5.461631e-06	-3.864684e-08	-3.902912e+01	-2.542717e+03
4.400000e-07	-5.348017e-06	-3.837980e-08	-3.821723e+01	-2.523807e+03
4.500000e-07	-5.232320e-06	-3.809540e-08	-3.739045e+01	-2.504624e+03
4.600000e-07	-5.114582e-06	-3.778687e-08	-3.654909e+01	-2.485135e+03
4.700000e-07	-4.994947e-06	-3.746090e-08	-3.569417e+01	-2.464987e+03
4.800000e-07	-4.873507e-06	-3.713910e-08	-3.482635e+01	-2.443794e+03
4.900000e-07	-4.750314e-06	-3.681265e-08	-3.394601e+01	-2.421436e+03
5.000000e-07	-4.625413e-06	-3.646334e-08	-3.305346e+01	-2.398122e+03
5.100000e-07	-4.498845e-06	-3.609456e-08	-3.214900e+01	-2.374175e+03
5.200000e-07	-4.370667e-06	-3.571973e-08	-3.123303e+01	-2.349720e+03
5.300000e-07	-4.240946e-06	-3.534018e-08	-3.030604e+01	-2.324544e+03
5.400000e-07	-4.109660e-06	-3.493608e-08	-2.936786e+01	-2.298254e+03
5.500000e-07	-3.976809e-06	-3.450470e-08	-2.841850e+01	-2.270592e+03
5.600000e-07	-3.842558e-06	-3.406305e-08	-2.745914e+01	-2.241649e+03
5.700000e-07	-3.706910e-06	-3.362359e-08	-2.648979e+01	-2.211791e+03
5.800000e-07	-3.569799e-06	-3.317303e-08	-2.550998e+01	-2.181330e+03
5.900000e-07	-3.431312e-06	-3.269244e-08	-2.452035e+01	-2.150227e+03
6.000000e-07	-3.291454e-06	-3.218760e-08	-2.352091e+01	-2.118065e+03
6.100000e-07	-3.150237e-06	-3.167279e-08	-2.251177e+01	-2.084331e+03
6.200000e-07	-3.007773e-06	-3.114201e-08	-2.149372e+01	-2.048790e+03
6.300000e-07	-2.864206e-06	-3.058213e-08	-2.046778e+01	-2.011635e+03
6.400000e-07	-2.719630e-06	-2.999214e-08	-1.943463e+01	-1.973286e+03
6.500000e-07	-2.574019e-06	-2.938918e-08	-1.839408e+01	-1.934000e+03
6.600000e-07	-2.427477e-06	-2.877410e-08	-1.734689e+01	-1.893596e+03
6.700000e-07	-2.280159e-06	-2.813220e-08	-1.629414e+01	-1.851550e+03
6.800000e-07	-2.132058e-06	-2.745281e-08	-1.523580e+01	-1.807376e+03
6.900000e-07	-1.983244e-06	-2.674568e-08	-1.417237e+01	-1.760988e+03
7.000000e-07	-1.833815e-06	-2.602249e-08	-1.310455e+01	-1.712726e+03
7.100000e-07	-1.683763e-06	-2.527546e-08	-1.203226e+01	-1.663005e+03
7.200000e-07	-1.533095e-06	-2.448910e-08	-1.095558e+01	-1.611867e+03
7.300000e-07	-1.381844e-06	-2.365991e-08	-9.874737e+00	-1.558815e+03
7.400000e-07	-1.230095e-06	-2.280065e-08	-8.790326e+00	-1.503112e+03
7.500000e-07	-1.077892e-06	-2.190970e-08	-7.702679e+00	-1.444304e+03
7.600000e-07	-9.252002e-07	-2.097915e-08	-6.611533e+00	-1.382555e+03
7.700000e-07	-7.721037e-07	-2.000416e-08	-5.517496e+00	-1.318458e+03
7.800000e-07	-6.187510e-07	-1.899158e-08	-4.421629e+00	-1.252443e+03
7.900000e-07	-4.652353e-07	-1.794450e-08	-3.324598e+00	-1.184221e+03
8.000000e-07	-3.115067e-07	-1.684806e-08	-2.226045e+00	-1.112768e+03
8.100000e-07	-1.576215e-07	-1.568678e-08	-1.126372e+00	-1.036920e+03
8.200000e-07	-3.761777e-09	-1.445834e-08	-2.688187e-02	-9.561244e+02
8.300000e-07	1.500543e-07	-1.316868e-08	1.072296e+00	-8.707166e+02
8.400000e-07	3.038020e-07	-1.181187e-08	2.170986e+00	-7.813450e+02
8.500000e-07	4.574403e-07	-1.036699e-08	3.268894e+00	-6.878532e+02
8.600000e-07	6.109415e-07	-8.816146e-09	4.365822e+00	-5.884298e+02
8.700000e-07	7.642582e-07	-7.143911e-09	5.461432e+00	-4.798013e+02
8.800000e-07	9.172905e-07	-5.317495e-09	6.555010e+00	-3.585882e+02
8.900000e-07	1.069987e-06	-3.281869e-09	7.646191e+00	-2.231124e+02
9.000000e-07	1.222384e-06	-1.015751e-09	8.735222e+00	-7.452911e+01
9.100000e-07	1.374292e-06	1.397901e-09	9.820769e+00	8.350063e+01
9.200000e-07	1.525584e-06	3.863743e-09	1.090191e+01	2.464534e+02
9.300000e-07	1.676390e-06	6.335401e-09	1.197957e+01	4.108778e+02
9.400000e-07	1.826683e-06	8.782824e-09	1.305358e+01	5.753763e+02
9.500000e-07	1.976316e-06	1.121757e-08	1.412286e+01	7.400151e+02
9.600000e-07	2.125193e-06	1.367242e-08	1.518675e+01	9.046076e+02
9.700000e-07	2.273274e-06	1.614023e-08	1.624494e+01	1.067088e+03
9.800000e-07	2.420543e-06	1.853706e-08	1.729733e+01	1.223150e+03
9.900000e-07	2.566969e-06	2.072238e-08	1.834371e+01	1.367482e+03
1.000000e-06	2.712470e-06	2.262308e-08	1.938346e+01	1.495877e+03
1.010000e-06	2.856995e-06	2.427371e-08	2.041625e+01	1.606931e+03
1.020000e-06	3.000446e-06	2.572599e-08	2.144136e+01	1.702336e+03
1.030000e-06	3.142737e-06	2.702066e-08	2.245817e+01	1.785680e+03
1.040000e-06	3.283885e-06	2.818140e-08	2.346683e+01	1.860588e+03
1.050000e-06	3.423801e-06	2.922106e-08	2.446668e+01	1.929332e+03
1.060000e-06	3.562343e-06	3.015807e-08	2.545670e+01	1.992580e+03
1.070000e-06	3.699542e-06	3.101553e-08	2.643713e+01	2.050172e+03
1.080000e-06	3.835404e-06	3.180941e-08	2.740801e+01	2.102150e+03
1.090000e-06	3.969844e-06	3.254393e-08	2.836873e+01	2.149289e+03
1.100000e-06	4.102893e-06	3.322001e-08	2.931950e+01	2.192856e+03
1.110000e-06	4.234472e-06	3.384751e-08	3.025978e+01	2.233933e+03
1.120000e-06	4.364470e-06	3.443734e-08	3.118875e+01	2.272921e+03
1.130000e-06	4.492893e-06	3.498984e-08	3.210647e+01	2.309583e+03
1.140000e-06	4.619723e-06	3.550395e-08	3.301280e+01	2.343548e+03
1.150000e-06	4.745010e-06	3.598406e-08	3.390811e+01	2.374833e+03
1.160000e-06	4.868713e-06	3.643964e-08	3.479210e+01	2.403971e+03
1.170000e-06	4.990667e-06	3.687329e-08	3.566359e+01	2.431688e+03
1.180000e-06	5.110783e-06	3.728072e-08	3.652194e+01	2.458437e+03
1.190000e-06	5.228985e-06	3.766236e-08	3.736662e+01	2.484169e+03
1.200000e-06	5.345165e-06	3.802442e-08	3.819685e+01	2.508509e+03
1.210000e-06	5.459227e-06	3.837291e-08	3.901194e+01	2.531180e+03
1.220000e-06	5.571206e-06	3.871012e-08	3.981215e+01	2.552303e+03
1.230000e-06	5.681236e-06	3.903171e-08	4.059843e+01	2.572355e+03
1.240000e-06	5.789340e-06	3.933568e-08	4.137095e+01	2.591828e+03
1.250000e-06	5.895353e-06	3.962466e-08	4.212852e+01	2.610882e+03
1.260000e-06	5.999142e-06	3.990169e-08	4.287021e+01	2.629270e+03
1.270000e-06	6.100794e-06	4.016516e-08	4.359662e+01	2.646580e+03
1.280000e-06	6.200257e-06	4.041160e-08	4.430739e+01	2.662593e+03
1.290000e-06	6.297397e-06	4.064476e-08	4.500155e+01	2.677470e+03
1.300000e-06	6.392285e-06	4.086954e-08	4.567963e+01	2.691635e+03
1.310000e-06	6.485031e-06	4.108570e-08	4.634239e+01	2.705462e+03
1.320000e-06	6.575553e-06	4.129305e-08	4.698927e+01	2.719031e+03
1.330000e-06	6.663666e-06	4.149117e-08	4.761893e+01	2.732118e+03
1.340000e-06	6.749500e-06	4.168091e-08	4.823231e+01	2.744423e+03
1.350000e-06	6.833059e-06	4.186430e-08	4.882943e+01	2.755827e+03
1.360000e-06	6.914122e-06	4.203851e-08	4.940870e+01	2.766473e+03
1.370000e-06	6.992638e-06	4.219930e-08	4.996978e+01	2.776633e+03
1.380000e-06	7.068551e-06	4.235171e-08	5.051226e+01	2.786474e+03
1.390000e-06	7.141817e-06	4.249936e-08	5.103583e+01	2.795948e+03
1.400000e-06	7.212498e-06	4.263961e-08	5.154092e+01	2.804864e+03
1.410000e-06	7.280627e-06	4.277065e-08	5.202777e+01	2.813092e+03
1.420000e-06	7.346109e-06	4.289611e-08	5.249571e+01	2.820703e+03
1.430000e-06	7.408980e-06	4.301824e-08	5.294499e+01	2.827930e+03
1.440000e-06	7.469398e-06	4.313464e-08	5.337674e+01	2.834989e+03
1.450000e-06	7.527266e-06	4.324380e-08	5.379026e+01	2.841903e+03
1.460000e-06	7.582420e-06	4.334412e-08	5.418440e+01	2.848485e+03
1.470000e-06	7.634553e-06	4.344036e-08	5.455694e+01	2.854490e+03
1.480000e-06	7.683468e-06	4.353342e-08	5.490649e+01	2.859814e+03
1.490000e-06	7.729521e-06	4.361928e-08	5.523559e+01	2.864575e+03
1.500000e-06	7.772903e-06	4.369616e-08	5.554561e+01	2.869018e+03
1.510000e-06	7.813460e-06	4.376708e-08	5.583542e+01	2.873318e+03
1.520000e-06	7.851290e-06	4.383582e-08	5.610576e+01	2.877455e+03
1.530000e-06	7.886450e-06	4.389841e-08	5.635701e+01	2.881243e+03
1.540000e-06	7.918783e-06	4.395115e-08	5.658807e+01	2.884489e+03
1.550000e-06	7.948391e-06	4.399876e-08	5.679965e+01	2.887154e+03
1.560000e-06	7.975228e-06	4.404628e-08	5.699143e+01	2.889376e+03
1.570000e-06	7.999104e-06	4.409013e-08	5.716205e+01	2.891350e+03
1.580000e-06	8.020207e-06	4.412305e-08	5.731285e+01	2.893175e+03
1.590000e-06	8.038561e-06	4.414577e-08	5.744401e+01	2.894785e+03
1.600000e-06	8.054006e-06	4.416582e-08	5.755438e+01	2.896020e+03
1.610000e-06	8.066436e-06	4.418498e-08	5.764320e+01	2.896773e+03
1.620000e-06	8.075712e-06	4.420031e-08	5.770949e+01	2.897080e+03
1.630000e-06	8.082031e-06	4.420984e-08	5.775465e+01	2.897091e+03
1.640000e-06	8.085556e-06	4.421366e-08	5.777984e+01	2.896943e+03
1.650000e-06	8.086245e-06	4.421625e-08	5.778476e+01	2.896654e+03
1.660000e-06	8.084254e-06	4.420952e-08	5.777053e+01	2.896122e+03
1.670000e-06	8.079596e-06	4.419418e-08	5.773724e+01	2.895213e+03
1.680000e-06	8.072176e-06	4.417508e-08	5.768422e+01	2.893878e+03
1.690000e-06	8.062082e-06	4.415322e-08	5.761209e+01	2.892177e+03
1.700000e-06	8.049124e-06	4.413091e-08	5.751949e+01	2.890218e+03
1.710000e-06	8.033395e-06	4.410935e-08	5.740709e+01	2.888059e+03
1.720000e-06	8.015320e-06	4.409117e-08	5.727793e+01	2.885667e+03
1.730000e-06	7.994838e-06	4.401092e-08	5.713156e+01	2.882972e+03
1.740000e-06	7.971262e-06	4.388426e-08	5.696309e+01	2.879943e+03
1.750000e-06	7.943897e-06	4.385255e-08	5.676754e+01	2.876625e+03
1.760000e-06	7.912861e-06	4.382761e-08	5.654575e+01	2.873087e+03
1.770000e-06	7.879061e-06	4.376119e-08	5.630421e+01	2.869335e+03
1.780000e-06	7.843124e-06	4.372897e-08	5.604741e+01	2.865297e+03
1.790000e-06	7.805008e-06	4.372720e-08	5.577503e+01	2.860887e+03
1.800000e-06	7.764821e-06	4.357039e-08	5.548785e+01	2.856132e+03
1.810000e-06	7.722281e-06	4.353082e-08	5.518385e+01	2.851210e+03
1.820000e-06	7.676892e-06	4.352591e-08	5.485950e+01	2.846355e+03
1.830000e-06	7.628742e-06	4.338363e-08	5.451542e+01	2.841671e+03
1.840000e-06	7.577489e-06	4.340810e-08	5.414917e+01	2.836986e+03
1.850000e-06	7.523181e-06	4.326429e-08	5.376108e+01	2.831902e+03
1.860000e-06	7.466188e-06	4.321997e-08	5.335380e+01	2.826017e+03
1.870000e-06	7.406518e-06	4.316566e-08	5.292739e+01	2.819178e+03
1.880000e-06	7.344287e-06	4.299836e-08	5.248269e+01	2.811579e+03
1.890000e-06	7.279294e-06	4.294295e-08	5.201825e+01	2.803600e+03
1.900000e-06	7.211596e-06	4.275052e-08	5.153447e+01	2.795514e+03
1.910000e-06	7.141134e-06	4.265876e-08	5.103095e+01	2.787268e+03
1.920000e-06	7.067920e-06	4.250261e-08	5.050776e+01	2.778526e+03
1.930000e-06	6.992047e-06	4.236332e-08	4.996556e+01	2.768937e+03
1.940000e-06	6.913389e-06	4.223856e-08	4.940347e+01	2.758436e+03
1.950000e-06	6.832223e-06	4.202393e-08	4.882345e+01	2.747325e+03
1.960000e-06	6.748602e-06	4.189955e-08	4.822589e+01	2.736064e+03
1.970000e-06	6.662460e-06	4.166875e-08	4.761031e+01	2.724920e+03
1.980000e-06	6.573929e-06	4.151836e-08	4.697767e+01	2.713737e+03
1.990000e-06	6.483208e-06	4.134069e-08	4.632937e+01	2.702028e+03
2.000000e-06	6.390248e-06	4.115102e-08	4.566507e+01	2.689317e+03
2.010000e-06	6.294892e-06	4.095877e-08	4.498366e+01	2.675489e+03
2.020000e-06	6.197371e-06	4.071354e-08	4.428676e+01	2.660868e+03
2.030000e-06	6.097701e-06	4.050531e-08	4.357451e+01	2.645975e+03
2.040000e-06	5.995770e-06	4.024481e-08	4.284611e+01	2.631124e+03
2.050000e-06	5.891608e-06	4.003214e-08	4.210177e+01	2.616191e+03
2.060000e-06	5.785421e-06	3.977814e-08	4.134294e+01	2.600701e+03
2.070000e-06	5.677318e-06	3.954288e-08	4.057044e+01	2.584185e+03
2.080000e-06	5.567175e-06	3.927923e-08	3.978334e+01	2.566513e+03
2.090000e-06	5.454855e-06	3.899565e-08	3.898070e+01	2.547955e+03
2.100000e-06	5.340338e-06	3.870336e-08	3.816235e+01	2.528935e+03
2.110000e-06	5.223795e-06	3.839444e-08	3.732953e+01	2.509674e+03
2.120000e-06	5.105227e-06	3.810191e-08	3.648224e+01	2.490019e+03
2.130000e-06	4.984762e-06	3.778644e-08	3.562139e+01	2.469567e+03
2.140000e-06	4.862544e-06	3.746977e-08	3.474801e+01	2.447993e+03
2.150000e-06	4.738566e-06	3.711889e-08	3.386206e+01	2.425291e+03
2.160000e-06	4.612848e-06	3.676482e-08	3.296367e+01	2.401740e+03
2.170000e-06	4.485480e-06	3.638846e-08	3.205349e+01	2.377630e+03
2.180000e-06	4.356524e-06	3.600812e-08	3.113196e+01	2.352979e+03
2.190000e-06	4.226040e-06	3.561121e-08	3.019952e+01	2.327486e+03
2.200000e-06	4.094043e-06	3.520895e-08	2.925626e+01	2.300767e+03
2.210000e-06	3.960565e-06	3.478946e-08	2.830242e+01	2.272663e+03
2.220000e-06	3.825692e-06	3.434823e-08	2.733861e+01	2.243379e+03
2.230000e-06	3.689384e-06	3.388463e-08	2.636455e+01	2.213304e+03
2.240000e-06	3.551715e-06	3.340384e-08	2.538075e+01	2.182660e+03
2.250000e-06	3.412726e-06	3.291824e-08	2.438753e+01	2.151272e+03
2.260000e-06	3.272444e-06	3.241758e-08	2.338507e+01	2.118652e+03
2.270000e-06	3.130955e-06	3.189885e-08	2.237398e+01	2.084340e+03
2.280000e-06	2.988336e-06	3.135104e-08	2.135482e+01	2.048239e+03
2.290000e-06	2.844582e-06	3.078392e-08	2.032754e+01	2.010652e+03
2.300000e-06	2.699792e-06	3.019368e-08	1.929287e+01	1.971991e+03
2.310000e-06	2.554105e-06	2.958573e-08	1.825178e+01	1.932385e+03
2.320000e-06	2.407477e-06	2.895131e-08	1.720396e+01	1.891516e+03
2.330000e-06	2.259931e-06	2.829761e-08	1.614959e+01	1.848823e+03
2.340000e-06	2.111580e-06	2.761870e-08	1.508947e+01	1.803920e+03
2.350000e-06	1.962500e-06	2.691132e-08	1.402414e+01	1.756878e+03
2.360000e-06	1.812757e-06	2.616926e-08	1.295406e+01	1.708110e+03
2.370000e-06	1.662408e-06	2.539785e-08	1.187966e+01	1.657954e+03
2.380000e-06	1.511535e-06	2.460192e-08	1.080152e+01	1.606274e+03
2.390000e-06	1.360162e-06	2.377603e-08	9.719794e+00	1.552446e+03
2.400000e-06	1.208273e-06	2.291658e-08	8.634385e+00	1.495765e+03
2.410000e-06	1.055896e-06	2.201586e-08	7.545490e+00	1.435962e+03
2.420000e-06	9.031322e-07	2.107540e-08	6.453833e+00	1.373385e+03
2.430000e-06	7.500838e-07	2.009180e-08	5.360141e+00	1.308650e+03
2.440000e-06	5.967670e-07	1.906717e-08	4.264531e+00	1.241997e+03
2.450000e-06	4.432048e-07	1.799718e-08	3.167166e+00	1.172869e+03
2.460000e-06	2.895118e-07	1.687932e-08	2.068868e+00	1.100112e+03
2.470000e-06	1.357456e-07	1.570757e-08	9.700459e-01	1.022687e+03
2.480000e-06	-1.806941e-08	1.447273e-08	-1.291250e-01	9.403364e+02
2.490000e-06	-1.718216e-07	1.316693e-08	-1.227847e+00	8.535965e+02
2.500000e-06	-3.254936e-07	1.178383e-08	-2.325995e+00	7.629854e+02
2.510000e-06	-4.790724e-07	1.031542e-08	-3.423478e+00	6.678688e+02
2.520000e-06	-6.324459e-07	8.746037e-09	-4.519494e+00	5.658827e+02
2.530000e-06	-7.856188e-07	7.045309e-09	-5.614076e+00	4.535289e+02
2.540000e-06	-9.385356e-07	5.168137e-09	-6.706828e+00	3.277872e+02
2.550000e-06	-1.091065e-06	3.061847e-09	-7.796814e+00	1.878283e+02
2.560000e-06	-1.243113e-06	7.049263e-10	-8.883356e+00	3.572465e+01
2.570000e-06	-1.394662e-06	-1.804671e-09	-9.966330e+00	-1.243660e+02
2.580000e-06	-1.545751e-06	-4.341552e-09	-1.104602e+01	-2.880772e+02
2.590000e-06	-1.696275e-06	-6.876824e-09	-1.212168e+01	-4.525830e+02
2.600000e-06	-1.846101e-06	-9.419201e-09	-1.319234e+01	-6.170939e+02
2.610000e-06	-1.995199e-06	-1.196335e-08	-1.425781e+01	-7.818056e+02
2.620000e-06	-2.143598e-06	-1.449776e-08	-1.531827e+01	-9.460627e+02
2.630000e-06	-2.291244e-06	-1.701219e-08	-1.637336e+01	-1.107038e+03
2.640000e-06	-2.438048e-06	-1.941166e-08	-1.742243e+01	-1.259902e+03
2.650000e-06	-2.583984e-06	-2.155041e-08	-1.846530e+01	-1.399461e+03
2.660000e-06	-2.729020e-06	-2.339663e-08	-1.950173e+01	-1.522279e+03
2.670000e-06	-2.873105e-06	-2.500289e-08	-2.053137e+01	-1.627994e+03
2.680000e-06	-3.016166e-06	-2.641620e-08	-2.155369e+01	-1.719093e+03
2.690000e-06	-3.158046e-06	-2.767108e-08	-2.256757e+01	-1.799379e+03
2.700000e-06	-3.298734e-06	-2.879611e-08	-2.357294e+01	-1.872144e+03
2.710000e-06	-3.438192e-06	-2.981286e-08	-2.456951e+01	-1.939112e+03
2.720000e-06	-3.576306e-06	-3.073679e-08	-2.555648e+01	-2.000570e+03
2.730000e-06	-3.713066e-06	-3.157919e-08	-2.653378e+01	-2.056323e+03
2.740000e-06	-3.848387e-06	-3.235108e-08	-2.750079e+01	-2.106628e+03
2.750000e-06	-3.982324e-06	-3.306446e-08	-2.845791e+01	-2.152477e+03
2.760000e-06	-4.114901e-06	-3.372601e-08	-2.940531e+01	-2.195155e+03
2.770000e-06	-4.245975e-06	-3.433967e-08	-3.034197e+01	-2.235556e+03
2.780000e-06	-4.375527e-06	-3.491219e-08	-3.126776e+01	-2.273843e+03
2.790000e-06	-4.503568e-06	-3.544690e-08	-3.218275e+01	-2.309670e+03
2.800000e-06	-4.629988e-06	-3.594677e-08	-3.308615e+01	-2.342747e+03
2.810000e-06	-4.754766e-06	-3.641685e-08	-3.397783e+01	-2.373267e+03
2.820000e-06	-4.877877e-06	-3.685955e-08	-3.485758e+01	-2.401875e+03
2.830000e-06	-4.999221e-06	-3.728067e-08	-3.572471e+01	-2.429257e+03
2.840000e-06	-5.118669e-06	-3.768352e-08	-3.657830e+01	-2.455709e+03
2.850000e-06	-5.236151e-06	-3.806264e-08	-3.741783e+01	-2.481040e+03
2.860000e-06	-5.351549e-06	-3.841610e-08	-3.824247e+01	-2.504860e+03
2.870000e-06	-5.464728e-06	-3.874874e-08	-3.905126e+01	-2.527001e+03
2.880000e-06	-5.575796e-06	-3.906609e-08	-3.984495e+01	-2.547721e+03
2.890000e-06	-5.684854e-06	-3.936950e-08	-4.062429e+01	-2.567546e+03
2.900000e-06	-5.791963e-06	-3.965964e-08	-4.138969e+01	-2.586890e+03
2.910000e-06	-5.897098e-06	-3.993741e-08	-4.214099e+01	-2.605774e+03
2.920000e-06	-6.000052e-06	-4.020298e-08	-4.287671e+01	-2.623859e+03
2.930000e-06	-6.100759e-06	-4.045697e-08	-4.359637e+01	-2.640761e+03
2.940000e-06	-6.199323e-06	-4.069804e-08	-4.430071e+01	-2.656376e+03
2.950000e-06	-6.295777e-06	-4.092461e-08	-4.498998e+01	-2.670975e+03
2.960000e-06	-6.389949e-06	-4.113803e-08	-4.566294e+01	-2.685004e+03
2.970000e-06	-6.481750e-06	-4.134206e-08	-4.631895e+01	-2.698759e+03
2.980000e-06	-6.571396e-06	-4.153760e-08	-4.695957e+01	-2.712209e+03
2.990000e-06	-6.658813e-06	-4.172382e-08	-4.758425e+01	-2.725074e+03
3.000000e-06	-6.743734e-06	-4.190014e-08	-4.819111e+01	-2.737091e+03
3.010000e-06	-6.826238e-06	-4.206836e-08	-4.878068e+01	-2.748227e+03
3.020000e-06	-6.906446e-06	-4.222929e-08	-4.935385e+01	-2.758690e+03
3.030000e-06	-6.984059e-06	-4.238155e-08	-4.990848e+01	-2.768741e+03
3.040000e-06	-7.058894e-06	-4.252269e-08	-5.044325e+01	-2.778482e+03
3.050000e-06	-7.131121e-06	-4.265303e-08	-5.095939e+01	-2.787801e+03
3.060000e-06	-7.200716e-06	-4.277535e-08	-5.145672e+01	-2.796504e+03
3.070000e-06	-7.267700e-06	-4.289290e-08	-5.193539e+01	-2.804517e+03
3.080000e-06	-7.332201e-06	-4.300557e-08	-5.239632e+01	-2.811977e+03
3.090000e-06	-7.394101e-06	-4.311174e-08	-5.283866e+01	-2.819136e+03
3.100000e-06	-7.453343e-06	-4.321130e-08	-5.326201e+01	-2.826159e+03
3.110000e-06	-7.509960e-06	-4.330487e-08	-5.366660e+01	-2.832996e+03
3.120000e-06	-7.563765e-06	-4.339191e-08	-5.405109e+01	-2.839417e+03
3.130000e-06	-7.614559e-06	-4.347209e-08	-5.441407e+01	-2.845206e+03
3.140000e-06	-7.662291e-06	-4.354630e-08	-5.475516e+01	-2.850329e+03
3.150000e-06	-7.707227e-06	-4.361427e-08	-5.507628e+01	-2.854962e+03
3.160000e-06	-7.749670e-06	-4.367696e-08	-5.537958e+01	-2.859350e+03
3.170000e-06	-7.789499e-06	-4.373369e-08	-5.566420e+01	-2.863612e+03
3.180000e-06	-7.826539e-06	-4.378351e-08	-5.592889e+01	-2.867664e+03
3.190000e-06	-7.860847e-06	-4.382639e-08	-5.617406e+01	-2.871295e+03
3.200000e-06	-7.892378e-06	-4.386436e-08	-5.639937e+01	-2.874351e+03
3.210000e-06	-7.921028e-06	-4.389997e-08	-5.660411e+01	-2.876855e+03
3.220000e-06	-7.946895e-06	-4.393148e-08	-5.678896e+01	-2.878979e+03
3.230000e-06	-7.969961e-06	-4.395733e-08	-5.695379e+01	-2.880905e+03
3.240000e-06	-7.990173e-06	-4.397542e-08	-5.709822e+01	-2.882677e+03
3.250000e-06	-8.007616e-06	-4.398637e-08	-5.722288e+01	-2.884186e+03
3.260000e-06	-8.022122e-06	-4.399360e-08	-5.732653e+01	-2.885274e+03
3.270000e-06	-8.033501e-06	-4.399879e-08	-5.740785e+01	-2.885874e+03
3.280000e-06	-8.041942e-06	-4.400008e-08	-5.746817e+01	-2.886070e+03
3.290000e-06	-8.047485e-06	-4.399475e-08	-5.750778e+01	-2.886020e+03
3.300000e-06	-8.050191e-06	-4.398386e-08	-5.752712e+01	-2.885834e+03
3.310000e-06	-8.050232e-06	-4.396977e-08	-5.752741e+01	-2.885484e+03
