5.771774e+02
5.856381e+02
5.838544e+02
5.887469e+02
5.824232e+02
5.797416e+02
5.756649e+02
5.668550e+02
5.644105e+02
5.605586e+02
5.530197e+02
5.483834e+02
5.463970e+02
5.402041e+02
5.411737e+02
5.398093e+02
5.352748e+02
5.341806e+02
5.301419e+02
5.335082e+02
5.266982e+02
5.240340e+02
5.150658e+02
5.123873e+02
4.995718e+02
4.952838e+02
4.886353e+02
4.894436e+02
4.811492e+02
4.752218e+02
4.695713e+02
4.654148e+02
4.601510e+02
4.541511e+02
4.500278e+02
4.340997e+02
4.208797e+02
4.082162e+02
3.927382e+02
