# Temperatura_=_28.38
# Concentracion g/m^3_=_48100.0
# C_Vs_to_Am_M_A/Vsm_=_65563218390.804596
# pendiente_HvsI_1/m_=_3716.3
# ordenada_HvsI_A/m_=_1297.0
# frecuencia_Hz_=_301770.67181753134

Tiempo_(s)	Campo_(V.s)	Magnetizacion_(V.s)	Campo_(kA/m)	Magnetizacion_(A/m)
0.000000e+00	-7.986409e-06	-4.461468e-08	-5.751734e+01	-2.922561e+03
1.000000e-08	-7.982054e-06	-4.460495e-08	-5.748598e+01	-2.922003e+03
2.000000e-08	-7.975135e-06	-4.458671e-08	-5.743615e+01	-2.921249e+03
3.000000e-08	-7.965612e-06	-4.456499e-08	-5.736756e+01	-2.920031e+03
4.000000e-08	-7.953297e-06	-4.453714e-08	-5.727887e+01	-2.918197e+03
5.000000e-08	-7.938080e-06	-4.450486e-08	-5.716928e+01	-2.915838e+03
6.000000e-08	-7.920117e-06	-4.445971e-08	-5.703991e+01	-2.913234e+03
7.000000e-08	-7.899771e-06	-4.440450e-08	-5.689338e+01	-2.910658e+03
8.000000e-08	-7.876827e-06	-4.444404e-08	-5.672815e+01	-2.908176e+03
9.000000e-08	-7.850680e-06	-4.444616e-08	-5.653983e+01	-2.905577e+03
1.000000e-07	-7.821368e-06	-4.433160e-08	-5.632874e+01	-2.902508e+03
1.100000e-07	-7.789218e-06	-4.424456e-08	-5.609719e+01	-2.898712e+03
1.200000e-07	-7.754260e-06	-4.419076e-08	-5.584543e+01	-2.894215e+03
1.300000e-07	-7.716824e-06	-4.409775e-08	-5.557581e+01	-2.889356e+03
1.400000e-07	-7.677274e-06	-4.392993e-08	-5.529098e+01	-2.884608e+03
1.500000e-07	-7.635270e-06	-4.396814e-08	-5.498847e+01	-2.880321e+03
1.600000e-07	-7.590389e-06	-4.389453e-08	-5.466525e+01	-2.876517e+03
1.700000e-07	-7.542916e-06	-4.375772e-08	-5.432335e+01	-2.872871e+03
1.800000e-07	-7.492631e-06	-4.381769e-08	-5.396120e+01	-2.868860e+03
1.900000e-07	-7.439209e-06	-4.362343e-08	-5.357646e+01	-2.864022e+03
2.000000e-07	-7.383038e-06	-4.350058e-08	-5.317192e+01	-2.858162e+03
2.100000e-07	-7.324160e-06	-4.339435e-08	-5.274789e+01	-2.851409e+03
2.200000e-07	-7.262692e-06	-4.326070e-08	-5.230520e+01	-2.844100e+03
2.300000e-07	-7.198665e-06	-4.322040e-08	-5.184409e+01	-2.836560e+03
2.400000e-07	-7.131857e-06	-4.305144e-08	-5.136294e+01	-2.828908e+03
2.500000e-07	-7.062390e-06	-4.295446e-08	-5.086265e+01	-2.820997e+03
2.600000e-07	-6.990350e-06	-4.280903e-08	-5.034382e+01	-2.812525e+03
2.700000e-07	-6.915622e-06	-4.266182e-08	-4.980564e+01	-2.803237e+03
2.800000e-07	-6.838140e-06	-4.248093e-08	-4.924762e+01	-2.793110e+03
2.900000e-07	-6.757935e-06	-4.229867e-08	-4.866999e+01	-2.782379e+03
3.000000e-07	-6.675211e-06	-4.219416e-08	-4.807422e+01	-2.771397e+03
3.100000e-07	-6.590301e-06	-4.200674e-08	-4.746271e+01	-2.760404e+03
3.200000e-07	-6.503237e-06	-4.186866e-08	-4.683568e+01	-2.749352e+03
3.300000e-07	-6.413851e-06	-4.165408e-08	-4.619193e+01	-2.737926e+03
3.400000e-07	-6.322099e-06	-4.143738e-08	-4.553114e+01	-2.725735e+03
3.500000e-07	-6.228122e-06	-4.125499e-08	-4.485433e+01	-2.712568e+03
3.600000e-07	-6.131906e-06	-4.104782e-08	-4.416139e+01	-2.698526e+03
3.700000e-07	-6.033361e-06	-4.083336e-08	-4.345168e+01	-2.683943e+03
3.800000e-07	-5.932627e-06	-4.059734e-08	-4.272620e+01	-2.669139e+03
3.900000e-07	-5.829807e-06	-4.039587e-08	-4.198570e+01	-2.654182e+03
4.000000e-07	-5.724931e-06	-4.014453e-08	-4.123039e+01	-2.638830e+03
4.100000e-07	-5.618007e-06	-3.988457e-08	-4.046034e+01	-2.622696e+03
4.200000e-07	-5.509043e-06	-3.960249e-08	-3.967559e+01	-2.605528e+03
4.300000e-07	-5.398061e-06	-3.933669e-08	-3.887631e+01	-2.587379e+03
4.400000e-07	-5.285028e-06	-3.907663e-08	-3.806226e+01	-2.568555e+03
4.500000e-07	-5.169944e-06	-3.879190e-08	-3.723343e+01	-2.549364e+03
4.600000e-07	-5.052782e-06	-3.848470e-08	-3.638965e+01	-2.529858e+03
4.700000e-07	-4.933667e-06	-3.815621e-08	-3.553179e+01	-2.509772e+03
4.800000e-07	-4.812801e-06	-3.783379e-08	-3.466132e+01	-2.488700e+03
4.900000e-07	-4.690221e-06	-3.749049e-08	-3.377852e+01	-2.466391e+03
5.000000e-07	-4.565908e-06	-3.713476e-08	-3.288322e+01	-2.442932e+03
5.100000e-07	-4.439938e-06	-3.676210e-08	-3.197600e+01	-2.418667e+03
5.200000e-07	-4.312416e-06	-3.640052e-08	-3.105760e+01	-2.393923e+03
5.300000e-07	-4.183425e-06	-3.602508e-08	-3.012862e+01	-2.368728e+03
5.400000e-07	-4.052978e-06	-3.561782e-08	-2.918915e+01	-2.342768e+03
5.500000e-07	-3.921022e-06	-3.518182e-08	-2.823882e+01	-2.315599e+03
5.600000e-07	-3.787566e-06	-3.474169e-08	-2.727768e+01	-2.286964e+03
5.700000e-07	-3.652666e-06	-3.430113e-08	-2.630614e+01	-2.256971e+03
5.800000e-07	-3.516511e-06	-3.383678e-08	-2.532557e+01	-2.225987e+03
5.900000e-07	-3.379123e-06	-3.334674e-08	-2.433611e+01	-2.194322e+03
6.000000e-07	-3.240401e-06	-3.283875e-08	-2.333706e+01	-2.161961e+03
6.100000e-07	-3.100325e-06	-3.232766e-08	-2.232824e+01	-2.128539e+03
6.200000e-07	-2.958895e-06	-3.179572e-08	-2.130967e+01	-2.093595e+03
6.300000e-07	-2.816277e-06	-3.123539e-08	-2.028256e+01	-2.056895e+03
6.400000e-07	-2.672639e-06	-3.065009e-08	-1.924809e+01	-2.018572e+03
6.500000e-07	-2.528053e-06	-3.005599e-08	-1.820679e+01	-1.978973e+03
6.600000e-07	-2.382576e-06	-2.944159e-08	-1.715908e+01	-1.938324e+03
6.700000e-07	-2.236157e-06	-2.879247e-08	-1.610458e+01	-1.896499e+03
6.800000e-07	-2.088905e-06	-2.810991e-08	-1.504409e+01	-1.853072e+03
6.900000e-07	-1.941023e-06	-2.740867e-08	-1.397906e+01	-1.807616e+03
7.000000e-07	-1.792538e-06	-2.669415e-08	-1.290968e+01	-1.760011e+03
7.100000e-07	-1.643441e-06	-2.594933e-08	-1.183591e+01	-1.710489e+03
7.200000e-07	-1.493743e-06	-2.516895e-08	-1.075779e+01	-1.659390e+03
7.300000e-07	-1.343502e-06	-2.435623e-08	-9.675772e+00	-1.606796e+03
7.400000e-07	-1.192764e-06	-2.351972e-08	-8.590170e+00	-1.552382e+03
7.500000e-07	-1.041585e-06	-2.265001e-08	-7.501394e+00	-1.495605e+03
7.600000e-07	-8.900346e-07	-2.174032e-08	-6.409942e+00	-1.436096e+03
7.700000e-07	-7.381597e-07	-2.079488e-08	-5.316154e+00	-1.373933e+03
7.800000e-07	-5.860468e-07	-1.981919e-08	-4.220652e+00	-1.309529e+03
7.900000e-07	-4.337355e-07	-1.880969e-08	-3.123721e+00	-1.243188e+03
8.000000e-07	-2.812374e-07	-1.775078e-08	-2.025444e+00	-1.174688e+03
8.100000e-07	-1.285772e-07	-1.664007e-08	-9.260007e-01	-1.103242e+03
8.200000e-07	2.413176e-08	-1.548380e-08	1.737946e-01	-1.027936e+03
8.300000e-07	1.767884e-07	-1.428355e-08	1.273213e+00	-9.483165e+02
8.400000e-07	3.293714e-07	-1.302435e-08	2.372101e+00	-8.646049e+02
8.500000e-07	4.818509e-07	-1.169138e-08	3.470244e+00	-7.772457e+02
8.600000e-07	6.341913e-07	-1.027874e-08	4.567384e+00	-6.859899e+02
8.700000e-07	7.862573e-07	-8.773231e-09	5.662548e+00	-5.891610e+02
8.800000e-07	9.380192e-07	-7.148247e-09	6.755523e+00	-4.837566e+02
8.900000e-07	1.089476e-06	-5.365645e-09	7.846300e+00	-3.665476e+02
9.000000e-07	1.240533e-06	-3.390917e-09	8.934199e+00	-2.356477e+02
9.100000e-07	1.391209e-06	-1.195664e-09	1.001935e+01	-9.162381e+01
9.200000e-07	1.541385e-06	1.185256e-09	1.110091e+01	6.257858e+01
9.300000e-07	1.690947e-06	3.631160e-09	1.217804e+01	2.228973e+02
9.400000e-07	1.839954e-06	6.059942e-09	1.325117e+01	3.858360e+02
9.500000e-07	1.988357e-06	8.480764e-09	1.431995e+01	5.495118e+02
9.600000e-07	2.136012e-06	1.092384e-08	1.538335e+01	7.134236e+02
9.700000e-07	2.282833e-06	1.338094e-08	1.644074e+01	8.771539e+02
9.800000e-07	2.428797e-06	1.581946e-08	1.749196e+01	1.038938e+03
9.900000e-07	2.573882e-06	1.819580e-08	1.853685e+01	1.195137e+03
1.000000e-06	2.718053e-06	2.040185e-08	1.957515e+01	1.341055e+03
1.010000e-06	2.861272e-06	2.235736e-08	2.060661e+01	1.472655e+03
1.020000e-06	3.003409e-06	2.407921e-08	2.163026e+01	1.588146e+03
1.030000e-06	3.144331e-06	2.560547e-08	2.264516e+01	1.688502e+03
1.040000e-06	3.283985e-06	2.696205e-08	2.365094e+01	1.776652e+03
1.050000e-06	3.422369e-06	2.817665e-08	2.464757e+01	1.855922e+03
1.060000e-06	3.559503e-06	2.927727e-08	2.563519e+01	1.928656e+03
1.070000e-06	3.695322e-06	3.028213e-08	2.661335e+01	1.995749e+03
1.080000e-06	3.829810e-06	3.120172e-08	2.758192e+01	2.057144e+03
1.090000e-06	3.962984e-06	3.204332e-08	2.854103e+01	2.112751e+03
1.100000e-06	4.094725e-06	3.281645e-08	2.948981e+01	2.163089e+03
1.110000e-06	4.224925e-06	3.353087e-08	3.042750e+01	2.209262e+03
1.120000e-06	4.353632e-06	3.419197e-08	3.135444e+01	2.252440e+03
1.130000e-06	4.480841e-06	3.480413e-08	3.227058e+01	2.293305e+03
1.140000e-06	4.606509e-06	3.537732e-08	3.317563e+01	2.331909e+03
1.150000e-06	4.730570e-06	3.591996e-08	3.406910e+01	2.367976e+03
1.160000e-06	4.852934e-06	3.643581e-08	3.495036e+01	2.401377e+03
1.170000e-06	4.973585e-06	3.691855e-08	3.581928e+01	2.432390e+03
1.180000e-06	5.092429e-06	3.736918e-08	3.667518e+01	2.461574e+03
1.190000e-06	5.209281e-06	3.779380e-08	3.751674e+01	2.489418e+03
1.200000e-06	5.324064e-06	3.819850e-08	3.834339e+01	2.516063e+03
1.210000e-06	5.436795e-06	3.858064e-08	3.915527e+01	2.541332e+03
1.220000e-06	5.547566e-06	3.893875e-08	3.995303e+01	2.565003e+03
1.230000e-06	5.656488e-06	3.927929e-08	4.073748e+01	2.587097e+03
1.240000e-06	5.763444e-06	3.960486e-08	4.150776e+01	2.607938e+03
1.250000e-06	5.868294e-06	3.991616e-08	4.226288e+01	2.627956e+03
1.260000e-06	5.971036e-06	4.021296e-08	4.300282e+01	2.647394e+03
1.270000e-06	6.071579e-06	4.049774e-08	4.372692e+01	2.666177e+03
1.280000e-06	6.169816e-06	4.077117e-08	4.443442e+01	2.684024e+03
1.290000e-06	6.265772e-06	4.103153e-08	4.512548e+01	2.700721e+03
1.300000e-06	6.359596e-06	4.127528e-08	4.580119e+01	2.716308e+03
1.310000e-06	6.451271e-06	4.150290e-08	4.646143e+01	2.731063e+03
1.320000e-06	6.540647e-06	4.171910e-08	4.710510e+01	2.745283e+03
1.330000e-06	6.627715e-06	4.192828e-08	4.773216e+01	2.759069e+03
1.340000e-06	6.712528e-06	4.212884e-08	4.834298e+01	2.772280e+03
1.350000e-06	6.794971e-06	4.231890e-08	4.893672e+01	2.784689e+03
1.360000e-06	6.874953e-06	4.250000e-08	4.951275e+01	2.796202e+03
1.370000e-06	6.952433e-06	4.267236e-08	5.007075e+01	2.806958e+03
1.380000e-06	7.027235e-06	4.283652e-08	5.060946e+01	2.817231e+03
1.390000e-06	7.099400e-06	4.299037e-08	5.112919e+01	2.827219e+03
1.400000e-06	7.169073e-06	4.313533e-08	5.163097e+01	2.836890e+03
1.410000e-06	7.236181e-06	4.327446e-08	5.211427e+01	2.846024e+03
1.420000e-06	7.300660e-06	4.340804e-08	5.257864e+01	2.854407e+03
1.430000e-06	7.362627e-06	4.353317e-08	5.302492e+01	2.862021e+03
1.440000e-06	7.422064e-06	4.364861e-08	5.345298e+01	2.869080e+03
1.450000e-06	7.478892e-06	4.375889e-08	5.386225e+01	2.875875e+03
1.460000e-06	7.532986e-06	4.386564e-08	5.425183e+01	2.882567e+03
1.470000e-06	7.584010e-06	4.396725e-08	5.461931e+01	2.889067e+03
1.480000e-06	7.631984e-06	4.406153e-08	5.496481e+01	2.895128e+03
1.490000e-06	7.677284e-06	4.414820e-08	5.529105e+01	2.900541e+03
1.500000e-06	7.719913e-06	4.422917e-08	5.559806e+01	2.905299e+03
1.510000e-06	7.759691e-06	4.430497e-08	5.588454e+01	2.909594e+03
1.520000e-06	7.796798e-06	4.437345e-08	5.615178e+01	2.913654e+03
1.530000e-06	7.831229e-06	4.443466e-08	5.639975e+01	2.917561e+03
1.540000e-06	7.862799e-06	4.449077e-08	5.662712e+01	2.921191e+03
1.550000e-06	7.891675e-06	4.454351e-08	5.683507e+01	2.924321e+03
1.560000e-06	7.917779e-06	4.459055e-08	5.702308e+01	2.926823e+03
1.570000e-06	7.940980e-06	4.462933e-08	5.719017e+01	2.928774e+03
1.580000e-06	7.961509e-06	4.466100e-08	5.733801e+01	2.930403e+03
1.590000e-06	7.979279e-06	4.468801e-08	5.746599e+01	2.931915e+03
1.600000e-06	7.994099e-06	4.471028e-08	5.757272e+01	2.933336e+03
1.610000e-06	8.005846e-06	4.472556e-08	5.765733e+01	2.934496e+03
1.620000e-06	8.014457e-06	4.473677e-08	5.771934e+01	2.935177e+03
1.630000e-06	8.020261e-06	4.474764e-08	5.776114e+01	2.935292e+03
1.640000e-06	8.023319e-06	4.475680e-08	5.778316e+01	2.934964e+03
1.650000e-06	8.023541e-06	4.476116e-08	5.778476e+01	2.934441e+03
1.660000e-06	8.021135e-06	4.474480e-08	5.776743e+01	2.933900e+03
1.670000e-06	8.016060e-06	4.472780e-08	5.773088e+01	2.933304e+03
1.680000e-06	8.008285e-06	4.471219e-08	5.767489e+01	2.932427e+03
1.690000e-06	7.997813e-06	4.469027e-08	5.759947e+01	2.931015e+03
1.700000e-06	7.984451e-06	4.466669e-08	5.750324e+01	2.928989e+03
1.710000e-06	7.968471e-06	4.464923e-08	5.738815e+01	2.926514e+03
1.720000e-06	7.950251e-06	4.464851e-08	5.725694e+01	2.923893e+03
1.730000e-06	7.929473e-06	4.452632e-08	5.710729e+01	2.921352e+03
1.740000e-06	7.905380e-06	4.441217e-08	5.693378e+01	2.918864e+03
1.750000e-06	7.877448e-06	4.441895e-08	5.673261e+01	2.916151e+03
1.760000e-06	7.846031e-06	4.438712e-08	5.650635e+01	2.912864e+03
1.770000e-06	7.812088e-06	4.432191e-08	5.626190e+01	2.908821e+03
1.780000e-06	7.775999e-06	4.435314e-08	5.600199e+01	2.904158e+03
1.790000e-06	7.737768e-06	4.430862e-08	5.572665e+01	2.899281e+03
1.800000e-06	7.697491e-06	4.408575e-08	5.543658e+01	2.894654e+03
1.810000e-06	7.654687e-06	4.415386e-08	5.512831e+01	2.890535e+03
1.820000e-06	7.609111e-06	4.402835e-08	5.480008e+01	2.886830e+03
1.830000e-06	7.560770e-06	4.395109e-08	5.445193e+01	2.883124e+03
1.840000e-06	7.509283e-06	4.399048e-08	5.408112e+01	2.878885e+03
1.850000e-06	7.454937e-06	4.378724e-08	5.368973e+01	2.873722e+03
1.860000e-06	7.397867e-06	4.387815e-08	5.327872e+01	2.867545e+03
1.870000e-06	7.338203e-06	4.369336e-08	5.284902e+01	2.860571e+03
1.880000e-06	7.276020e-06	4.357427e-08	5.240119e+01	2.853157e+03
1.890000e-06	7.210978e-06	4.349601e-08	5.193277e+01	2.845579e+03
1.900000e-06	7.143212e-06	4.328565e-08	5.144472e+01	2.837868e+03
1.910000e-06	7.072664e-06	4.326753e-08	5.093664e+01	2.829811e+03
1.920000e-06	6.999436e-06	4.306564e-08	5.040926e+01	2.821093e+03
1.930000e-06	6.923595e-06	4.299892e-08	4.986306e+01	2.811523e+03
1.940000e-06	6.845048e-06	4.281053e-08	4.929737e+01	2.801163e+03
1.950000e-06	6.764059e-06	4.263412e-08	4.871410e+01	2.790312e+03
1.960000e-06	6.680729e-06	4.249911e-08	4.811396e+01	2.779310e+03
1.970000e-06	6.595032e-06	4.223175e-08	4.749678e+01	2.768316e+03
1.980000e-06	6.506871e-06	4.214940e-08	4.686185e+01	2.757185e+03
1.990000e-06	6.416397e-06	4.194453e-08	4.621027e+01	2.745550e+03
2.000000e-06	6.323705e-06	4.179956e-08	4.554271e+01	2.733052e+03
2.010000e-06	6.228654e-06	4.156587e-08	4.485816e+01	2.719575e+03
2.020000e-06	6.131409e-06	4.133813e-08	4.415781e+01	2.705316e+03
2.030000e-06	6.032062e-06	4.112787e-08	4.344232e+01	2.690633e+03
2.040000e-06	5.930555e-06	4.087921e-08	4.271128e+01	2.675787e+03
2.050000e-06	5.826819e-06	4.068284e-08	4.196419e+01	2.660740e+03
2.060000e-06	5.721027e-06	4.040989e-08	4.120228e+01	2.645175e+03
2.070000e-06	5.613265e-06	4.020292e-08	4.042619e+01	2.628721e+03
2.080000e-06	5.503525e-06	3.991835e-08	3.963585e+01	2.611214e+03
2.090000e-06	5.391732e-06	3.965071e-08	3.883073e+01	2.592807e+03
2.100000e-06	5.277803e-06	3.933382e-08	3.801023e+01	2.573837e+03
2.110000e-06	5.161842e-06	3.903793e-08	3.717509e+01	2.554554e+03
2.120000e-06	5.043904e-06	3.875268e-08	3.632571e+01	2.534901e+03
2.130000e-06	4.924121e-06	3.844778e-08	3.546304e+01	2.514538e+03
2.140000e-06	4.802533e-06	3.812720e-08	3.458737e+01	2.493079e+03
2.150000e-06	4.679210e-06	3.776877e-08	3.369921e+01	2.470373e+03
2.160000e-06	4.554200e-06	3.742370e-08	3.279891e+01	2.446609e+03
2.170000e-06	4.427500e-06	3.704255e-08	3.188643e+01	2.422163e+03
2.180000e-06	4.299181e-06	3.666390e-08	3.096228e+01	2.397286e+03
2.190000e-06	4.169399e-06	3.625989e-08	3.002761e+01	2.371891e+03
2.200000e-06	4.038193e-06	3.586809e-08	2.908267e+01	2.345586e+03
2.210000e-06	3.905552e-06	3.545295e-08	2.812741e+01	2.317955e+03
2.220000e-06	3.771508e-06	3.501777e-08	2.716203e+01	2.288852e+03
2.230000e-06	3.636007e-06	3.454959e-08	2.618617e+01	2.258494e+03
2.240000e-06	3.499133e-06	3.407291e-08	2.520041e+01	2.227267e+03
2.250000e-06	3.361027e-06	3.359198e-08	2.420579e+01	2.195397e+03
2.260000e-06	3.221713e-06	3.309685e-08	2.320246e+01	2.162744e+03
2.270000e-06	3.081211e-06	3.257805e-08	2.219058e+01	2.128876e+03
2.280000e-06	2.939531e-06	3.203181e-08	2.117022e+01	2.093374e+03
2.290000e-06	2.796669e-06	3.147006e-08	2.014134e+01	2.056120e+03
2.300000e-06	2.652728e-06	3.088457e-08	1.910469e+01	2.017346e+03
2.310000e-06	2.507808e-06	3.027683e-08	1.806099e+01	1.977397e+03
2.320000e-06	2.362033e-06	2.964242e-08	1.701113e+01	1.936400e+03
2.330000e-06	2.215469e-06	2.899946e-08	1.595559e+01	1.894112e+03
2.340000e-06	2.068111e-06	2.833401e-08	1.489433e+01	1.850067e+03
2.350000e-06	1.920008e-06	2.763916e-08	1.382771e+01	1.803912e+03
2.360000e-06	1.771293e-06	2.690259e-08	1.275668e+01	1.755651e+03
2.370000e-06	1.622035e-06	2.614111e-08	1.168174e+01	1.705589e+03
2.380000e-06	1.472252e-06	2.535629e-08	1.060302e+01	1.654017e+03
2.390000e-06	1.321987e-06	2.454437e-08	9.520818e+00	1.600889e+03
2.400000e-06	1.171246e-06	2.369524e-08	8.435201e+00	1.545773e+03
2.410000e-06	1.020087e-06	2.281229e-08	7.346568e+00	1.488137e+03
2.420000e-06	8.685888e-07	2.190234e-08	6.255492e+00	1.427742e+03
2.430000e-06	7.167163e-07	2.095854e-08	5.161721e+00	1.364807e+03
2.440000e-06	5.645322e-07	1.997565e-08	4.065706e+00	1.299764e+03
2.450000e-06	4.121448e-07	1.894735e-08	2.968227e+00	1.232783e+03
2.460000e-06	2.595666e-07	1.788036e-08	1.869374e+00	1.163438e+03
2.470000e-06	1.068809e-07	1.676899e-08	7.697457e-01	1.090837e+03
2.480000e-06	-4.582515e-08	1.560558e-08	-3.300283e-01	1.014158e+03
2.490000e-06	-1.984690e-07	1.438197e-08	-1.429355e+00	9.331706e+02
2.500000e-06	-3.509763e-07	1.310099e-08	-2.527697e+00	8.482494e+02
2.510000e-06	-5.032921e-07	1.175798e-08	-3.624661e+00	7.597222e+02
2.520000e-06	-6.554195e-07	1.033548e-08	-4.720267e+00	6.669316e+02
2.530000e-06	-8.073166e-07	8.807326e-09	-5.814216e+00	5.677125e+02
2.540000e-06	-9.589197e-07	7.147264e-09	-6.906047e+00	4.588309e+02
2.550000e-06	-1.110155e-06	5.328268e-09	-7.995231e+00	3.373202e+02
2.560000e-06	-1.260908e-06	3.309267e-09	-9.080940e+00	2.020094e+02
2.570000e-06	-1.411153e-06	1.053536e-09	-1.016299e+01	5.430308e+01
2.580000e-06	-1.560864e-06	-1.388705e-09	-1.124119e+01	-1.023153e+02
2.590000e-06	-1.709974e-06	-3.903044e-09	-1.231507e+01	-2.637924e+02
2.600000e-06	-1.858488e-06	-6.432935e-09	-1.338465e+01	-4.270917e+02
2.610000e-06	-2.006427e-06	-8.963504e-09	-1.445009e+01	-5.908639e+02
2.620000e-06	-2.153658e-06	-1.148440e-08	-1.551043e+01	-7.548055e+02
2.630000e-06	-2.300105e-06	-1.400244e-08	-1.656513e+01	-9.181967e+02
2.640000e-06	-2.445796e-06	-1.651875e-08	-1.761438e+01	-1.078664e+03
2.650000e-06	-2.590600e-06	-1.893357e-08	-1.865725e+01	-1.232079e+03
2.660000e-06	-2.734399e-06	-2.111133e-08	-1.969288e+01	-1.373754e+03
2.670000e-06	-2.877135e-06	-2.302155e-08	-2.072085e+01	-1.500238e+03
2.680000e-06	-3.018725e-06	-2.469824e-08	-2.174056e+01	-1.610639e+03
2.690000e-06	-3.159205e-06	-2.618230e-08	-2.275228e+01	-1.706702e+03
2.700000e-06	-3.298561e-06	-2.750896e-08	-2.375591e+01	-1.791663e+03
2.710000e-06	-3.436648e-06	-2.870589e-08	-2.475041e+01	-1.868649e+03
2.720000e-06	-3.573413e-06	-2.979069e-08	-2.573538e+01	-1.939537e+03
2.730000e-06	-3.708797e-06	-3.077379e-08	-2.671039e+01	-2.004826e+03
2.740000e-06	-3.842763e-06	-3.167025e-08	-2.767521e+01	-2.064351e+03
2.750000e-06	-3.975389e-06	-3.249407e-08	-2.863036e+01	-2.118175e+03
2.760000e-06	-4.106696e-06	-3.325398e-08	-2.957602e+01	-2.167040e+03
2.770000e-06	-4.236564e-06	-3.395573e-08	-3.051132e+01	-2.212140e+03
2.780000e-06	-4.364928e-06	-3.460580e-08	-3.143578e+01	-2.254534e+03
2.790000e-06	-4.491679e-06	-3.521289e-08	-3.234863e+01	-2.294694e+03
2.800000e-06	-4.616812e-06	-3.578291e-08	-3.324983e+01	-2.332516e+03
2.810000e-06	-4.740368e-06	-3.631882e-08	-3.413967e+01	-2.367724e+03
2.820000e-06	-4.862176e-06	-3.681832e-08	-3.501692e+01	-2.400311e+03
2.830000e-06	-4.982200e-06	-3.728593e-08	-3.588132e+01	-2.430673e+03
2.840000e-06	-5.100332e-06	-3.772682e-08	-3.673210e+01	-2.459388e+03
2.850000e-06	-5.216489e-06	-3.814217e-08	-3.756864e+01	-2.486852e+03
2.860000e-06	-5.330616e-06	-3.853375e-08	-3.839058e+01	-2.513085e+03
2.870000e-06	-5.442576e-06	-3.890225e-08	-3.919690e+01	-2.537860e+03
2.880000e-06	-5.552423e-06	-3.925271e-08	-3.998801e+01	-2.561007e+03
2.890000e-06	-5.660263e-06	-3.958875e-08	-4.076466e+01	-2.582654e+03
2.900000e-06	-5.766177e-06	-3.990919e-08	-4.152745e+01	-2.603190e+03
2.910000e-06	-5.870103e-06	-4.021139e-08	-4.227591e+01	-2.623011e+03
2.920000e-06	-5.971872e-06	-4.049614e-08	-4.300884e+01	-2.642264e+03
2.930000e-06	-6.071484e-06	-4.076686e-08	-4.372624e+01	-2.660781e+03
2.940000e-06	-6.168994e-06	-4.102467e-08	-4.442849e+01	-2.678274e+03
2.950000e-06	-6.264316e-06	-4.127020e-08	-4.511499e+01	-2.694597e+03
2.960000e-06	-6.357370e-06	-4.150603e-08	-4.578516e+01	-2.709883e+03
2.970000e-06	-6.448140e-06	-4.173511e-08	-4.643888e+01	-2.724442e+03
2.980000e-06	-6.536722e-06	-4.195399e-08	-4.707684e+01	-2.738526e+03
2.990000e-06	-6.623004e-06	-4.215521e-08	-4.769823e+01	-2.752153e+03
3.000000e-06	-6.706805e-06	-4.233986e-08	-4.830176e+01	-2.765131e+03
3.010000e-06	-6.788289e-06	-4.251649e-08	-4.888860e+01	-2.777253e+03
3.020000e-06	-6.867368e-06	-4.268978e-08	-4.945811e+01	-2.788499e+03
3.030000e-06	-6.943793e-06	-4.285453e-08	-5.000852e+01	-2.799072e+03
3.040000e-06	-7.017586e-06	-4.300944e-08	-5.053997e+01	-2.809244e+03
3.050000e-06	-7.088867e-06	-4.315489e-08	-5.105333e+01	-2.819147e+03
3.060000e-06	-7.157591e-06	-4.329259e-08	-5.154828e+01	-2.828675e+03
3.070000e-06	-7.223753e-06	-4.342165e-08	-5.202477e+01	-2.837587e+03
3.080000e-06	-7.287396e-06	-4.353806e-08	-5.248312e+01	-2.845715e+03
3.090000e-06	-7.348401e-06	-4.364744e-08	-5.292247e+01	-2.853121e+03
3.100000e-06	-7.406744e-06	-4.375387e-08	-5.334265e+01	-2.860067e+03
3.110000e-06	-7.462421e-06	-4.385566e-08	-5.374363e+01	-2.866826e+03
3.120000e-06	-7.515255e-06	-4.394898e-08	-5.412413e+01	-2.873478e+03
3.130000e-06	-7.565067e-06	-4.403386e-08	-5.448288e+01	-2.879869e+03
3.140000e-06	-7.611893e-06	-4.411466e-08	-5.482011e+01	-2.885739e+03
3.150000e-06	-7.656059e-06	-4.419137e-08	-5.513819e+01	-2.890933e+03
3.160000e-06	-7.697782e-06	-4.426252e-08	-5.543868e+01	-2.895517e+03
3.170000e-06	-7.736886e-06	-4.432327e-08	-5.572030e+01	-2.899718e+03
3.180000e-06	-7.773218e-06	-4.437674e-08	-5.598196e+01	-2.903732e+03
3.190000e-06	-7.806862e-06	-4.442607e-08	-5.622426e+01	-2.907574e+03
3.200000e-06	-7.837691e-06	-4.447148e-08	-5.644629e+01	-2.911068e+03
3.210000e-06	-7.865612e-06	-4.450969e-08	-5.664737e+01	-2.914004e+03
3.220000e-06	-7.890837e-06	-4.453941e-08	-5.682904e+01	-2.916312e+03
3.230000e-06	-7.913300e-06	-4.456578e-08	-5.699082e+01	-2.918134e+03
3.240000e-06	-7.932899e-06	-4.459019e-08	-5.713197e+01	-2.919712e+03
3.250000e-06	-7.949746e-06	-4.460920e-08	-5.725330e+01	-2.921205e+03
3.260000e-06	-7.963614e-06	-4.462064e-08	-5.735318e+01	-2.922568e+03
3.270000e-06	-7.974332e-06	-4.462706e-08	-5.743037e+01	-2.923598e+03
3.280000e-06	-7.982144e-06	-4.463073e-08	-5.748662e+01	-2.924098e+03
3.290000e-06	-7.987104e-06	-4.463234e-08	-5.752234e+01	-2.924050e+03
3.300000e-06	-7.989310e-06	-4.462184e-08	-5.753824e+01	-2.923634e+03
3.310000e-06	-7.988843e-06	-4.461114e-08	-5.753487e+01	-2.923096e+03
