# Temperatura_=_92.77
# Concentracion g/m^3_=_48100.0
# C_Vs_to_Am_M_A/Vsm_=_65563218390.804596
# pendiente_HvsI_1/m_=_3716.3
# ordenada_HvsI_A/m_=_1297.0
# frecuencia_Hz_=_301743.5146594448

Tiempo_(s)	Campo_(V.s)	Magnetizacion_(V.s)	Campo_(kA/m)	Magnetizacion_(A/m)
0.000000e+00	-7.981269e-06	-4.354127e-08	-5.753080e+01	-2.858078e+03
1.000000e-08	-7.976809e-06	-4.352414e-08	-5.749866e+01	-2.857094e+03
2.000000e-08	-7.969852e-06	-4.350017e-08	-5.744851e+01	-2.855780e+03
3.000000e-08	-7.960168e-06	-4.347501e-08	-5.737870e+01	-2.854235e+03
4.000000e-08	-7.947646e-06	-4.344315e-08	-5.728844e+01	-2.852522e+03
5.000000e-08	-7.932141e-06	-4.340782e-08	-5.717667e+01	-2.850606e+03
6.000000e-08	-7.913889e-06	-4.336563e-08	-5.704511e+01	-2.848390e+03
7.000000e-08	-7.893420e-06	-4.331033e-08	-5.689757e+01	-2.845801e+03
8.000000e-08	-7.870420e-06	-4.334124e-08	-5.673178e+01	-2.842859e+03
9.000000e-08	-7.844182e-06	-4.335919e-08	-5.654265e+01	-2.839656e+03
1.000000e-07	-7.814713e-06	-4.326211e-08	-5.633023e+01	-2.836266e+03
1.100000e-07	-7.782462e-06	-4.317715e-08	-5.609775e+01	-2.832669e+03
1.200000e-07	-7.747395e-06	-4.311948e-08	-5.584498e+01	-2.828763e+03
1.300000e-07	-7.709761e-06	-4.303407e-08	-5.557371e+01	-2.824477e+03
1.400000e-07	-7.670034e-06	-4.287033e-08	-5.528735e+01	-2.819884e+03
1.500000e-07	-7.627897e-06	-4.286278e-08	-5.498362e+01	-2.815200e+03
1.600000e-07	-7.582899e-06	-4.282052e-08	-5.465926e+01	-2.810646e+03
1.700000e-07	-7.535336e-06	-4.265228e-08	-5.431642e+01	-2.806255e+03
1.800000e-07	-7.484955e-06	-4.270768e-08	-5.395326e+01	-2.801788e+03
1.900000e-07	-7.431421e-06	-4.256397e-08	-5.356737e+01	-2.796839e+03
2.000000e-07	-7.375138e-06	-4.240823e-08	-5.316168e+01	-2.791084e+03
2.100000e-07	-7.316180e-06	-4.234453e-08	-5.273669e+01	-2.784483e+03
2.200000e-07	-7.254658e-06	-4.220448e-08	-5.229323e+01	-2.777299e+03
2.300000e-07	-7.190540e-06	-4.215533e-08	-5.183104e+01	-2.769886e+03
2.400000e-07	-7.123632e-06	-4.198435e-08	-5.134876e+01	-2.762411e+03
2.500000e-07	-7.054110e-06	-4.187784e-08	-5.084763e+01	-2.754722e+03
2.600000e-07	-6.982022e-06	-4.174691e-08	-5.032800e+01	-2.746456e+03
2.700000e-07	-6.907259e-06	-4.161327e-08	-4.978909e+01	-2.737325e+03
2.800000e-07	-6.829718e-06	-4.146673e-08	-4.923016e+01	-2.727350e+03
2.900000e-07	-6.749413e-06	-4.126708e-08	-4.865130e+01	-2.716857e+03
3.000000e-07	-6.666626e-06	-4.116528e-08	-4.805456e+01	-2.706243e+03
3.100000e-07	-6.581658e-06	-4.098838e-08	-4.744209e+01	-2.695675e+03
3.200000e-07	-6.494554e-06	-4.083598e-08	-4.681422e+01	-2.684963e+03
3.300000e-07	-6.405136e-06	-4.063752e-08	-4.616968e+01	-2.673704e+03
3.400000e-07	-6.313336e-06	-4.043253e-08	-4.550796e+01	-2.661583e+03
3.500000e-07	-6.219309e-06	-4.026632e-08	-4.483019e+01	-2.648596e+03
3.600000e-07	-6.123071e-06	-4.007141e-08	-4.413649e+01	-2.635025e+03
3.700000e-07	-6.024488e-06	-3.986096e-08	-4.342588e+01	-2.621184e+03
3.800000e-07	-5.923702e-06	-3.961908e-08	-4.269939e+01	-2.607151e+03
3.900000e-07	-5.820841e-06	-3.941872e-08	-4.195794e+01	-2.592694e+03
4.000000e-07	-5.715877e-06	-3.919079e-08	-4.120134e+01	-2.577459e+03
4.100000e-07	-5.608874e-06	-3.894623e-08	-4.043004e+01	-2.561261e+03
4.200000e-07	-5.499872e-06	-3.867716e-08	-3.964433e+01	-2.544238e+03
4.300000e-07	-5.388800e-06	-3.841198e-08	-3.884370e+01	-2.526738e+03
4.400000e-07	-5.275641e-06	-3.815740e-08	-3.802802e+01	-2.509015e+03
4.500000e-07	-5.160505e-06	-3.787746e-08	-3.719809e+01	-2.490993e+03
4.600000e-07	-5.043382e-06	-3.757182e-08	-3.635384e+01	-2.472277e+03
4.700000e-07	-4.924311e-06	-3.725267e-08	-3.549555e+01	-2.452430e+03
4.800000e-07	-4.803427e-06	-3.694896e-08	-3.462420e+01	-2.431287e+03
4.900000e-07	-4.680832e-06	-3.662944e-08	-3.374050e+01	-2.409078e+03
5.000000e-07	-4.556586e-06	-3.628584e-08	-3.284491e+01	-2.386229e+03
5.100000e-07	-4.430702e-06	-3.591730e-08	-3.193751e+01	-2.363025e+03
5.200000e-07	-4.303247e-06	-3.555366e-08	-3.101878e+01	-2.339371e+03
5.300000e-07	-4.174274e-06	-3.518426e-08	-3.008912e+01	-2.314855e+03
5.400000e-07	-4.043755e-06	-3.479001e-08	-2.914830e+01	-2.289046e+03
5.500000e-07	-3.911700e-06	-3.436425e-08	-2.819642e+01	-2.261800e+03
5.600000e-07	-3.778241e-06	-3.393154e-08	-2.723442e+01	-2.233323e+03
5.700000e-07	-3.643405e-06	-3.350025e-08	-2.626249e+01	-2.203947e+03
5.800000e-07	-3.507248e-06	-3.304686e-08	-2.528104e+01	-2.173820e+03
5.900000e-07	-3.369812e-06	-3.256238e-08	-2.429037e+01	-2.142755e+03
6.000000e-07	-3.231043e-06	-3.205323e-08	-2.329009e+01	-2.110369e+03
6.100000e-07	-3.090989e-06	-3.154191e-08	-2.228055e+01	-2.076383e+03
6.200000e-07	-2.949672e-06	-3.101449e-08	-2.126190e+01	-2.040838e+03
6.300000e-07	-2.807125e-06	-3.045577e-08	-2.023440e+01	-2.004013e+03
6.400000e-07	-2.663450e-06	-2.986261e-08	-1.919875e+01	-1.966129e+03
6.500000e-07	-2.518754e-06	-2.926019e-08	-1.815575e+01	-1.927072e+03
6.600000e-07	-2.373265e-06	-2.864330e-08	-1.710703e+01	-1.886389e+03
6.700000e-07	-2.227051e-06	-2.799369e-08	-1.605309e+01	-1.843575e+03
6.800000e-07	-2.079950e-06	-2.730300e-08	-1.499276e+01	-1.798432e+03
6.900000e-07	-1.932060e-06	-2.658383e-08	-1.392673e+01	-1.751186e+03
7.000000e-07	-1.783610e-06	-2.584908e-08	-1.285667e+01	-1.702257e+03
7.100000e-07	-1.634623e-06	-2.508183e-08	-1.178274e+01	-1.651837e+03
7.200000e-07	-1.485022e-06	-2.427071e-08	-1.070438e+01	-1.599635e+03
7.300000e-07	-1.334883e-06	-2.341747e-08	-9.622143e+00	-1.544999e+03
7.400000e-07	-1.184315e-06	-2.253823e-08	-8.536809e+00	-1.487345e+03
7.500000e-07	-1.033269e-06	-2.162610e-08	-7.448041e+00	-1.426534e+03
7.600000e-07	-8.817204e-07	-2.066612e-08	-6.355641e+00	-1.362871e+03
7.700000e-07	-7.298328e-07	-1.965028e-08	-5.260801e+00	-1.296697e+03
7.800000e-07	-5.777511e-07	-1.858866e-08	-4.164561e+00	-1.227888e+03
7.900000e-07	-4.255034e-07	-1.748213e-08	-3.067125e+00	-1.155710e+03
8.000000e-07	-2.730584e-07	-1.631317e-08	-1.968267e+00	-1.079186e+03
8.100000e-07	-1.204801e-07	-1.507120e-08	-8.684477e-01	-9.977201e+02
8.200000e-07	3.210634e-08	-1.375915e-08	2.314298e-01	-9.114178e+02
8.300000e-07	1.845999e-07	-1.238238e-08	1.330638e+00	-8.207274e+02
8.400000e-07	3.369818e-07	-1.092217e-08	2.429041e+00	-7.255347e+02
8.500000e-07	4.893674e-07	-9.352807e-09	3.527471e+00	-6.243609e+02
8.600000e-07	6.416386e-07	-7.653659e-09	4.625077e+00	-5.143926e+02
8.700000e-07	7.936562e-07	-5.803362e-09	5.720854e+00	-3.925792e+02
8.800000e-07	9.453472e-07	-3.761183e-09	6.814278e+00	-2.572794e+02
8.900000e-07	1.096680e-06	-1.504272e-09	7.905117e+00	-1.094444e+02
9.000000e-07	1.247617e-06	8.820376e-10	8.993110e+00	4.749477e+01
9.100000e-07	1.398065e-06	3.307032e-09	1.007757e+01	2.090813e+02
9.200000e-07	1.547994e-06	5.754546e-09	1.115830e+01	3.717783e+02
9.300000e-07	1.697377e-06	8.197131e-09	1.223508e+01	5.341814e+02
9.400000e-07	1.846152e-06	1.061306e-08	1.330748e+01	6.967050e+02
9.500000e-07	1.994314e-06	1.302532e-08	1.437547e+01	8.599415e+02
9.600000e-07	2.141797e-06	1.546284e-08	1.543856e+01	1.022778e+03
9.700000e-07	2.288465e-06	1.789479e-08	1.649578e+01	1.181545e+03
9.800000e-07	2.434312e-06	2.018437e-08	1.754707e+01	1.330821e+03
9.900000e-07	2.579347e-06	2.220034e-08	1.859252e+01	1.465462e+03
1.000000e-06	2.723439e-06	2.393256e-08	1.963117e+01	1.582661e+03
1.010000e-06	2.866449e-06	2.543228e-08	2.066201e+01	1.682855e+03
1.020000e-06	3.008284e-06	2.675033e-08	2.168440e+01	1.769048e+03
1.030000e-06	3.148962e-06	2.792538e-08	2.269843e+01	1.845097e+03
1.040000e-06	3.288519e-06	2.897786e-08	2.370439e+01	1.914025e+03
1.050000e-06	3.426816e-06	2.991995e-08	2.470127e+01	1.977276e+03
1.060000e-06	3.563807e-06	3.077608e-08	2.568873e+01	2.035075e+03
1.070000e-06	3.699523e-06	3.156744e-08	2.666700e+01	2.087386e+03
1.080000e-06	3.833909e-06	3.230066e-08	2.763569e+01	2.134664e+03
1.090000e-06	3.966885e-06	3.297413e-08	2.859421e+01	2.177944e+03
1.100000e-06	4.098424e-06	3.359309e-08	2.954237e+01	2.218355e+03
1.110000e-06	4.228486e-06	3.416922e-08	3.047989e+01	2.256561e+03
1.120000e-06	4.356996e-06	3.470953e-08	3.140622e+01	2.292594e+03
1.130000e-06	4.483979e-06	3.521643e-08	3.232154e+01	2.326166e+03
1.140000e-06	4.609465e-06	3.569056e-08	3.322607e+01	2.357161e+03
1.150000e-06	4.733355e-06	3.613510e-08	3.411910e+01	2.385905e+03
1.160000e-06	4.855550e-06	3.655879e-08	3.499991e+01	2.413023e+03
1.170000e-06	4.975965e-06	3.696046e-08	3.586789e+01	2.439046e+03
1.180000e-06	5.094522e-06	3.733600e-08	3.672247e+01	2.464109e+03
1.190000e-06	5.211158e-06	3.769204e-08	3.756321e+01	2.487973e+03
1.200000e-06	5.325812e-06	3.803500e-08	3.838966e+01	2.510339e+03
1.210000e-06	5.438386e-06	3.836564e-08	3.920113e+01	2.531173e+03
1.220000e-06	5.548972e-06	3.867705e-08	3.999825e+01	2.550788e+03
1.230000e-06	5.657660e-06	3.896781e-08	4.078170e+01	2.569627e+03
1.240000e-06	5.764356e-06	3.924484e-08	4.155079e+01	2.587955e+03
1.250000e-06	5.868937e-06	3.951500e-08	4.230463e+01	2.605699e+03
1.260000e-06	5.971384e-06	3.977297e-08	4.304309e+01	2.622567e+03
1.270000e-06	6.071714e-06	4.001639e-08	4.376630e+01	2.638332e+03
1.280000e-06	6.169767e-06	4.024878e-08	4.447308e+01	2.653048e+03
1.290000e-06	6.265541e-06	4.047447e-08	4.516344e+01	2.667013e+03
1.300000e-06	6.359197e-06	4.068866e-08	4.583854e+01	2.680549e+03
1.310000e-06	6.450682e-06	4.088718e-08	4.649798e+01	2.693756e+03
1.320000e-06	6.539814e-06	4.107705e-08	4.714047e+01	2.706464e+03
1.330000e-06	6.626645e-06	4.126073e-08	4.776636e+01	2.718401e+03
1.340000e-06	6.711266e-06	4.143767e-08	4.837633e+01	2.729433e+03
1.350000e-06	6.793528e-06	4.160420e-08	4.896930e+01	2.739693e+03
1.360000e-06	6.873290e-06	4.175984e-08	4.954424e+01	2.749481e+03
1.370000e-06	6.950504e-06	4.190903e-08	5.010081e+01	2.759040e+03
1.380000e-06	7.025100e-06	4.205677e-08	5.063852e+01	2.768388e+03
1.390000e-06	7.097090e-06	4.219863e-08	5.115744e+01	2.777325e+03
1.400000e-06	7.166608e-06	4.233140e-08	5.165854e+01	2.785616e+03
1.410000e-06	7.233612e-06	4.245568e-08	5.214152e+01	2.793188e+03
1.420000e-06	7.297964e-06	4.257361e-08	5.260538e+01	2.800185e+03
1.430000e-06	7.359789e-06	4.268578e-08	5.305103e+01	2.806855e+03
1.440000e-06	7.419043e-06	4.278863e-08	5.347815e+01	2.813363e+03
1.450000e-06	7.475605e-06	4.288500e-08	5.388586e+01	2.819682e+03
1.460000e-06	7.529467e-06	4.298013e-08	5.427411e+01	2.825647e+03
1.470000e-06	7.580358e-06	4.307495e-08	5.464094e+01	2.831101e+03
1.480000e-06	7.628236e-06	4.316428e-08	5.498606e+01	2.836025e+03
1.490000e-06	7.673358e-06	4.324360e-08	5.531131e+01	2.840540e+03
1.500000e-06	7.715761e-06	4.331354e-08	5.561696e+01	2.844794e+03
1.510000e-06	7.755379e-06	4.337941e-08	5.590253e+01	2.848838e+03
1.520000e-06	7.792330e-06	4.344359e-08	5.616889e+01	2.852596e+03
1.530000e-06	7.826547e-06	4.350210e-08	5.641553e+01	2.855943e+03
1.540000e-06	7.857945e-06	4.355368e-08	5.664186e+01	2.858818e+03
1.550000e-06	7.886672e-06	4.360338e-08	5.684893e+01	2.861273e+03
1.560000e-06	7.912553e-06	4.364973e-08	5.703548e+01	2.863426e+03
1.570000e-06	7.935562e-06	4.368648e-08	5.720134e+01	2.865358e+03
1.580000e-06	7.955925e-06	4.371513e-08	5.734812e+01	2.867049e+03
1.590000e-06	7.973448e-06	4.373933e-08	5.747443e+01	2.868408e+03
1.600000e-06	7.988001e-06	4.376218e-08	5.757932e+01	2.869367e+03
1.610000e-06	7.999505e-06	4.378135e-08	5.766225e+01	2.869944e+03
1.620000e-06	8.007981e-06	4.379398e-08	5.772335e+01	2.870235e+03
1.630000e-06	8.013682e-06	4.380340e-08	5.776444e+01	2.870327e+03
1.640000e-06	8.016501e-06	4.380860e-08	5.778476e+01	2.870226e+03
1.650000e-06	8.016482e-06	4.381064e-08	5.778463e+01	2.869854e+03
1.660000e-06	8.013964e-06	4.379505e-08	5.776647e+01	2.869125e+03
1.670000e-06	8.008826e-06	4.377797e-08	5.772944e+01	2.868023e+03
1.680000e-06	8.000916e-06	4.376188e-08	5.767242e+01	2.866621e+03
1.690000e-06	7.990324e-06	4.374167e-08	5.759607e+01	2.865017e+03
1.700000e-06	7.976878e-06	4.372045e-08	5.749915e+01	2.863243e+03
1.710000e-06	7.960753e-06	4.370202e-08	5.738292e+01	2.861239e+03
1.720000e-06	7.942336e-06	4.369873e-08	5.725016e+01	2.858905e+03
1.730000e-06	7.921451e-06	4.359426e-08	5.709962e+01	2.856193e+03
1.740000e-06	7.897330e-06	4.346174e-08	5.692575e+01	2.853153e+03
1.750000e-06	7.869356e-06	4.344531e-08	5.672411e+01	2.849883e+03
1.760000e-06	7.837868e-06	4.340940e-08	5.649713e+01	2.846431e+03
1.770000e-06	7.803800e-06	4.333499e-08	5.625157e+01	2.842744e+03
1.780000e-06	7.767644e-06	4.334021e-08	5.599094e+01	2.838715e+03
1.790000e-06	7.729341e-06	4.335253e-08	5.571485e+01	2.834311e+03
1.800000e-06	7.688983e-06	4.312172e-08	5.542394e+01	2.829659e+03
1.810000e-06	7.646164e-06	4.315501e-08	5.511529e+01	2.824996e+03
1.820000e-06	7.600533e-06	4.313360e-08	5.478637e+01	2.820500e+03
1.830000e-06	7.552184e-06	4.299255e-08	5.443786e+01	2.816120e+03
1.840000e-06	7.500711e-06	4.305666e-08	5.406683e+01	2.811541e+03
1.850000e-06	7.446234e-06	4.284208e-08	5.367415e+01	2.806355e+03
1.860000e-06	7.389045e-06	4.287497e-08	5.326191e+01	2.800313e+03
1.870000e-06	7.329358e-06	4.276568e-08	5.283168e+01	2.793483e+03
1.880000e-06	7.267152e-06	4.261005e-08	5.238329e+01	2.786188e+03
1.890000e-06	7.202059e-06	4.257512e-08	5.191408e+01	2.778749e+03
1.900000e-06	7.134324e-06	4.235809e-08	5.142583e+01	2.771234e+03
1.910000e-06	7.063846e-06	4.233820e-08	5.091781e+01	2.763398e+03
1.920000e-06	6.990664e-06	4.213453e-08	5.039030e+01	2.754871e+03
1.930000e-06	6.914840e-06	4.202427e-08	4.984374e+01	2.745447e+03
1.940000e-06	6.836219e-06	4.188613e-08	4.927702e+01	2.735257e+03
1.950000e-06	6.755195e-06	4.167625e-08	4.869298e+01	2.724685e+03
1.960000e-06	6.671763e-06	4.158750e-08	4.809158e+01	2.714082e+03
1.970000e-06	6.585853e-06	4.133102e-08	4.747232e+01	2.703500e+03
1.980000e-06	6.497554e-06	4.122711e-08	4.683585e+01	2.692656e+03
1.990000e-06	6.407063e-06	4.102686e-08	4.618357e+01	2.681139e+03
2.000000e-06	6.314431e-06	4.085262e-08	4.551586e+01	2.668720e+03
2.010000e-06	6.219437e-06	4.064875e-08	4.483112e+01	2.655504e+03
2.020000e-06	6.122233e-06	4.041814e-08	4.413044e+01	2.641817e+03
2.030000e-06	6.022887e-06	4.024235e-08	4.341434e+01	2.627919e+03
2.040000e-06	5.921344e-06	3.999249e-08	4.268239e+01	2.613783e+03
2.050000e-06	5.817587e-06	3.979776e-08	4.193449e+01	2.599109e+03
2.060000e-06	5.711817e-06	3.951428e-08	4.117207e+01	2.583567e+03
2.070000e-06	5.604103e-06	3.929181e-08	4.039565e+01	2.567072e+03
2.080000e-06	5.494377e-06	3.902044e-08	3.960472e+01	2.549853e+03
2.090000e-06	5.382593e-06	3.876379e-08	3.879895e+01	2.532263e+03
2.100000e-06	5.268765e-06	3.848206e-08	3.797845e+01	2.514468e+03
2.110000e-06	5.152892e-06	3.819766e-08	3.714321e+01	2.496273e+03
2.120000e-06	5.034954e-06	3.792112e-08	3.629309e+01	2.477230e+03
2.130000e-06	4.915111e-06	3.760514e-08	3.542924e+01	2.456962e+03
2.140000e-06	4.793435e-06	3.728567e-08	3.455217e+01	2.435433e+03
2.150000e-06	4.670080e-06	3.692550e-08	3.366300e+01	2.412968e+03
2.160000e-06	4.545045e-06	3.659218e-08	3.276172e+01	2.389987e+03
2.170000e-06	4.418342e-06	3.622755e-08	3.184841e+01	2.366666e+03
2.180000e-06	4.290050e-06	3.586676e-08	3.092366e+01	2.342785e+03
2.190000e-06	4.160291e-06	3.547211e-08	2.998833e+01	2.317888e+03
2.200000e-06	4.029108e-06	3.507950e-08	2.904273e+01	2.291612e+03
2.210000e-06	3.896449e-06	3.466389e-08	2.808649e+01	2.263933e+03
2.220000e-06	3.762369e-06	3.423073e-08	2.712001e+01	2.235130e+03
2.230000e-06	3.626931e-06	3.377283e-08	2.614374e+01	2.205510e+03
2.240000e-06	3.490203e-06	3.329752e-08	2.515818e+01	2.175114e+03
2.250000e-06	3.352220e-06	3.281894e-08	2.416356e+01	2.143665e+03
2.260000e-06	3.212982e-06	3.231735e-08	2.315991e+01	2.110778e+03
2.270000e-06	3.072416e-06	3.179667e-08	2.214668e+01	2.076269e+03
2.280000e-06	2.930671e-06	3.124626e-08	2.112495e+01	2.040274e+03
2.290000e-06	2.787900e-06	3.068562e-08	2.009582e+01	2.003094e+03
2.300000e-06	2.644120e-06	3.010154e-08	1.905942e+01	1.964862e+03
2.310000e-06	2.499387e-06	2.949538e-08	1.801615e+01	1.925339e+03
2.320000e-06	2.353780e-06	2.885583e-08	1.696658e+01	1.884015e+03
2.330000e-06	2.207374e-06	2.819455e-08	1.591125e+01	1.840450e+03
2.340000e-06	2.060160e-06	2.750308e-08	1.485010e+01	1.794586e+03
2.350000e-06	1.912148e-06	2.678156e-08	1.378320e+01	1.746753e+03
2.360000e-06	1.763463e-06	2.602551e-08	1.271144e+01	1.697342e+03
2.370000e-06	1.614230e-06	2.524269e-08	1.163574e+01	1.646402e+03
2.380000e-06	1.464467e-06	2.443227e-08	1.055621e+01	1.593493e+03
2.390000e-06	1.314159e-06	2.358736e-08	9.472757e+00	1.537932e+03
2.400000e-06	1.163316e-06	2.269964e-08	8.385450e+00	1.479249e+03
2.410000e-06	1.012098e-06	2.176348e-08	7.295436e+00	1.417473e+03
2.420000e-06	8.606047e-07	2.078541e-08	6.203434e+00	1.352977e+03
2.430000e-06	7.088506e-07	1.976184e-08	5.109556e+00	1.285998e+03
2.440000e-06	5.568711e-07	1.868992e-08	4.014054e+00	1.216207e+03
2.450000e-06	4.046808e-07	1.755910e-08	2.917031e+00	1.142729e+03
2.460000e-06	2.523501e-07	1.637050e-08	1.818997e+00	1.064646e+03
2.470000e-06	9.999706e-08	1.512010e-08	7.208016e-01	9.815807e+02
2.480000e-06	-5.234874e-08	1.380348e-08	-3.773416e-01	8.938226e+02
2.490000e-06	-2.047031e-07	1.240510e-08	-1.475546e+00	8.017494e+02
2.500000e-06	-3.570148e-07	1.091373e-08	-2.573444e+00	7.048678e+02
2.510000e-06	-5.092032e-07	9.318516e-09	-3.670453e+00	6.012135e+02
2.520000e-06	-6.611465e-07	7.597506e-09	-4.765694e+00	4.877334e+02
2.530000e-06	-8.128411e-07	5.712616e-09	-5.859144e+00	3.616508e+02
2.540000e-06	-9.643352e-07	3.611710e-09	-6.951148e+00	2.220796e+02
2.550000e-06	-1.115545e-06	1.273221e-09	-8.041104e+00	7.085306e+01
2.560000e-06	-1.266346e-06	-1.217898e-09	-9.128111e+00	-8.806193e+01
2.570000e-06	-1.416601e-06	-3.739482e-09	-1.021119e+01	-2.503033e+02
2.580000e-06	-1.566204e-06	-6.253958e-09	-1.128955e+01	-4.129527e+02
2.590000e-06	-1.715196e-06	-8.771103e-09	-1.236352e+01	-5.753025e+02
2.600000e-06	-1.863647e-06	-1.129687e-08	-1.343359e+01	-7.380423e+02
2.610000e-06	-2.011460e-06	-1.381970e-08	-1.449906e+01	-9.013950e+02
2.620000e-06	-2.158454e-06	-1.632641e-08	-1.555863e+01	-1.063442e+03
2.630000e-06	-2.304637e-06	-1.878228e-08	-1.661234e+01	-1.219786e+03
2.640000e-06	-2.450074e-06	-2.104448e-08	-1.766069e+01	-1.364844e+03
2.650000e-06	-2.594616e-06	-2.299798e-08	-1.870259e+01	-1.494035e+03
2.660000e-06	-2.738223e-06	-2.467690e-08	-1.973773e+01	-1.605573e+03
2.670000e-06	-2.880911e-06	-2.614192e-08	-2.076626e+01	-1.700861e+03
2.680000e-06	-3.022524e-06	-2.743448e-08	-2.178704e+01	-1.783388e+03
2.690000e-06	-3.162969e-06	-2.858262e-08	-2.279940e+01	-1.856894e+03
2.700000e-06	-3.302139e-06	-2.960888e-08	-2.380257e+01	-1.923918e+03
2.710000e-06	-3.439979e-06	-3.053447e-08	-2.479615e+01	-1.985427e+03
2.720000e-06	-3.576542e-06	-3.137691e-08	-2.578053e+01	-2.041455e+03
2.730000e-06	-3.711854e-06	-3.214833e-08	-2.675589e+01	-2.092068e+03
2.740000e-06	-3.845798e-06	-3.285624e-08	-2.772139e+01	-2.137934e+03
2.750000e-06	-3.978345e-06	-3.350998e-08	-2.867681e+01	-2.180185e+03
2.760000e-06	-4.109461e-06	-3.411996e-08	-2.962193e+01	-2.219849e+03
2.770000e-06	-4.239122e-06	-3.469082e-08	-3.055656e+01	-2.257382e+03
2.780000e-06	-4.367342e-06	-3.521882e-08	-3.148079e+01	-2.292659e+03
2.790000e-06	-4.493987e-06	-3.570710e-08	-3.239368e+01	-2.325398e+03
2.800000e-06	-4.619021e-06	-3.616623e-08	-3.329495e+01	-2.355616e+03
2.810000e-06	-4.742393e-06	-3.660270e-08	-3.418424e+01	-2.383768e+03
2.820000e-06	-4.864070e-06	-3.701664e-08	-3.506132e+01	-2.410494e+03
2.830000e-06	-4.983986e-06	-3.740749e-08	-3.592570e+01	-2.436219e+03
2.840000e-06	-5.101991e-06	-3.777646e-08	-3.677631e+01	-2.460936e+03
2.850000e-06	-5.217964e-06	-3.812535e-08	-3.761227e+01	-2.484346e+03
2.860000e-06	-5.331813e-06	-3.845373e-08	-3.843292e+01	-2.506208e+03
2.870000e-06	-5.443542e-06	-3.876226e-08	-3.923829e+01	-2.526606e+03
2.880000e-06	-5.553197e-06	-3.905625e-08	-4.002871e+01	-2.545929e+03
2.890000e-06	-5.660912e-06	-3.933984e-08	-4.080514e+01	-2.564594e+03
2.900000e-06	-5.766762e-06	-3.961232e-08	-4.156813e+01	-2.582760e+03
2.910000e-06	-5.870546e-06	-3.987124e-08	-4.231623e+01	-2.600260e+03
2.920000e-06	-5.972106e-06	-4.011569e-08	-4.304830e+01	-2.616790e+03
2.930000e-06	-6.071470e-06	-4.034785e-08	-4.376454e+01	-2.632200e+03
2.940000e-06	-6.168775e-06	-4.056893e-08	-4.446593e+01	-2.646638e+03
2.950000e-06	-6.263967e-06	-4.077868e-08	-4.515210e+01	-2.660440e+03
2.960000e-06	-6.356816e-06	-4.097885e-08	-4.582137e+01	-2.673876e+03
2.970000e-06	-6.447395e-06	-4.117135e-08	-4.647429e+01	-2.686954e+03
2.980000e-06	-6.535803e-06	-4.135534e-08	-4.711155e+01	-2.699445e+03
2.990000e-06	-6.621898e-06	-4.152797e-08	-4.773215e+01	-2.711095e+03
3.000000e-06	-6.705601e-06	-4.168883e-08	-4.833550e+01	-2.721856e+03
3.010000e-06	-6.786987e-06	-4.184163e-08	-4.892215e+01	-2.731933e+03
3.020000e-06	-6.865982e-06	-4.198759e-08	-4.949156e+01	-2.741632e+03
3.030000e-06	-6.942288e-06	-4.212614e-08	-5.004159e+01	-2.751137e+03
3.040000e-06	-7.015941e-06	-4.225663e-08	-5.057250e+01	-2.760383e+03
3.050000e-06	-7.087080e-06	-4.237958e-08	-5.108528e+01	-2.769136e+03
3.060000e-06	-7.155633e-06	-4.249465e-08	-5.157943e+01	-2.777196e+03
3.070000e-06	-7.221673e-06	-4.260172e-08	-5.205546e+01	-2.784562e+03
3.080000e-06	-7.285181e-06	-4.270264e-08	-5.251324e+01	-2.791430e+03
3.090000e-06	-7.346009e-06	-4.279950e-08	-5.295170e+01	-2.798041e+03
3.100000e-06	-7.404177e-06	-4.289035e-08	-5.337099e+01	-2.804503e+03
3.110000e-06	-7.459693e-06	-4.297426e-08	-5.377116e+01	-2.810732e+03
3.120000e-06	-7.512399e-06	-4.305304e-08	-5.415108e+01	-2.816547e+03
3.130000e-06	-7.562107e-06	-4.312508e-08	-5.450939e+01	-2.821828e+03
3.140000e-06	-7.608792e-06	-4.319151e-08	-5.484590e+01	-2.826606e+03
3.150000e-06	-7.652840e-06	-4.325370e-08	-5.516341e+01	-2.831027e+03
3.160000e-06	-7.694476e-06	-4.331159e-08	-5.546353e+01	-2.835217e+03
3.170000e-06	-7.733431e-06	-4.336351e-08	-5.574433e+01	-2.839185e+03
3.180000e-06	-7.769614e-06	-4.340834e-08	-5.600514e+01	-2.842827e+03
3.190000e-06	-7.803092e-06	-4.344588e-08	-5.624647e+01	-2.846026e+03
3.200000e-06	-7.833732e-06	-4.347817e-08	-5.646733e+01	-2.848757e+03
3.210000e-06	-7.861543e-06	-4.350678e-08	-5.666779e+01	-2.851105e+03
3.220000e-06	-7.886676e-06	-4.353297e-08	-5.684895e+01	-2.853186e+03
3.230000e-06	-7.908991e-06	-4.355473e-08	-5.700980e+01	-2.855050e+03
3.240000e-06	-7.928445e-06	-4.356961e-08	-5.715004e+01	-2.856648e+03
3.250000e-06	-7.945173e-06	-4.357881e-08	-5.727062e+01	-2.857885e+03
3.260000e-06	-7.958899e-06	-4.358376e-08	-5.736955e+01	-2.858717e+03
3.270000e-06	-7.969536e-06	-4.358439e-08	-5.744623e+01	-2.859193e+03
3.280000e-06	-7.977318e-06	-4.358167e-08	-5.750232e+01	-2.859416e+03
3.290000e-06	-7.982258e-06	-4.357471e-08	-5.753793e+01	-2.859453e+03
3.300000e-06	-7.984451e-06	-4.356156e-08	-5.755374e+01	-2.859279e+03
3.310000e-06	-7.983879e-06	-4.354781e-08	-5.754962e+01	-2.858802e+03
