# Temperatura_=_43.83
# Concentracion g/m^3_=_48100.0
# C_Vs_to_Am_M_A/Vsm_=_65563218390.804596
# pendiente_HvsI_1/m_=_3716.3
# ordenada_HvsI_A/m_=_1297.0
# frecuencia_Hz_=_301747.08926177054

Tiempo_(s)	Campo_(V.s)	Magnetizacion_(V.s)	Campo_(kA/m)	Magnetizacion_(A/m)
0.000000e+00	-7.984394e-06	-4.608612e-08	-5.752966e+01	-3.022169e+03
1.000000e-08	-7.980143e-06	-4.606926e-08	-5.749903e+01	-3.021395e+03
2.000000e-08	-7.973430e-06	-4.604445e-08	-5.745066e+01	-3.020266e+03
3.000000e-08	-7.964100e-06	-4.601448e-08	-5.738344e+01	-3.018663e+03
4.000000e-08	-7.951905e-06	-4.597871e-08	-5.729557e+01	-3.016593e+03
5.000000e-08	-7.936713e-06	-4.594291e-08	-5.718611e+01	-3.014200e+03
6.000000e-08	-7.918741e-06	-4.590277e-08	-5.705662e+01	-3.011660e+03
7.000000e-08	-7.898453e-06	-4.585144e-08	-5.691044e+01	-3.009042e+03
8.000000e-08	-7.875643e-06	-4.586389e-08	-5.674608e+01	-3.006246e+03
9.000000e-08	-7.849656e-06	-4.587287e-08	-5.655884e+01	-3.003058e+03
1.000000e-07	-7.820472e-06	-4.577478e-08	-5.634856e+01	-2.999286e+03
1.100000e-07	-7.788463e-06	-4.567218e-08	-5.611793e+01	-2.994887e+03
1.200000e-07	-7.753619e-06	-4.560483e-08	-5.586687e+01	-2.990002e+03
1.300000e-07	-7.716223e-06	-4.552225e-08	-5.559742e+01	-2.984884e+03
1.400000e-07	-7.676740e-06	-4.537508e-08	-5.531293e+01	-2.979781e+03
1.500000e-07	-7.634877e-06	-4.532687e-08	-5.501130e+01	-2.974823e+03
1.600000e-07	-7.590160e-06	-4.528553e-08	-5.468910e+01	-2.969982e+03
1.700000e-07	-7.542830e-06	-4.513296e-08	-5.434808e+01	-2.965083e+03
1.800000e-07	-7.492712e-06	-4.512420e-08	-5.398697e+01	-2.959871e+03
1.900000e-07	-7.439433e-06	-4.500060e-08	-5.360307e+01	-2.954082e+03
2.000000e-07	-7.383363e-06	-4.483842e-08	-5.319907e+01	-2.947535e+03
2.100000e-07	-7.324589e-06	-4.473787e-08	-5.277559e+01	-2.940194e+03
2.200000e-07	-7.263221e-06	-4.458499e-08	-5.233342e+01	-2.932182e+03
2.300000e-07	-7.199323e-06	-4.450922e-08	-5.187302e+01	-2.923726e+03
2.400000e-07	-7.132652e-06	-4.434068e-08	-5.139264e+01	-2.915023e+03
2.500000e-07	-7.063368e-06	-4.420625e-08	-5.089342e+01	-2.906120e+03
2.600000e-07	-6.991505e-06	-4.407045e-08	-5.037564e+01	-2.896862e+03
2.700000e-07	-6.916873e-06	-4.391258e-08	-4.983789e+01	-2.886981e+03
2.800000e-07	-6.839487e-06	-4.374532e-08	-4.928030e+01	-2.876261e+03
2.900000e-07	-6.759390e-06	-4.353792e-08	-4.870319e+01	-2.864695e+03
3.000000e-07	-6.676811e-06	-4.339275e-08	-4.810818e+01	-2.852498e+03
3.100000e-07	-6.592072e-06	-4.319792e-08	-4.749762e+01	-2.839977e+03
3.200000e-07	-6.505189e-06	-4.302131e-08	-4.687160e+01	-2.827331e+03
3.300000e-07	-6.415970e-06	-4.281127e-08	-4.622875e+01	-2.814517e+03
3.400000e-07	-6.324380e-06	-4.257884e-08	-4.556882e+01	-2.801286e+03
3.500000e-07	-6.230562e-06	-4.237861e-08	-4.489284e+01	-2.787355e+03
3.600000e-07	-6.134513e-06	-4.215909e-08	-4.420078e+01	-2.772589e+03
3.700000e-07	-6.036087e-06	-4.192737e-08	-4.349160e+01	-2.757060e+03
3.800000e-07	-5.935435e-06	-4.167006e-08	-4.276637e+01	-2.740947e+03
3.900000e-07	-5.832736e-06	-4.143517e-08	-4.202640e+01	-2.724368e+03
4.000000e-07	-5.727971e-06	-4.117786e-08	-4.127154e+01	-2.707276e+03
4.100000e-07	-5.621099e-06	-4.089981e-08	-4.050150e+01	-2.689509e+03
4.200000e-07	-5.512176e-06	-4.060266e-08	-3.971668e+01	-2.670943e+03
4.300000e-07	-5.401301e-06	-4.030385e-08	-3.891779e+01	-2.651606e+03
4.400000e-07	-5.288377e-06	-4.001513e-08	-3.810415e+01	-2.631655e+03
4.500000e-07	-5.173323e-06	-3.970867e-08	-3.727515e+01	-2.611222e+03
4.600000e-07	-5.056218e-06	-3.938122e-08	-3.643138e+01	-2.590255e+03
4.700000e-07	-4.937268e-06	-3.903446e-08	-3.557432e+01	-2.568505e+03
4.800000e-07	-4.816581e-06	-3.868986e-08	-3.470474e+01	-2.545676e+03
4.900000e-07	-4.694171e-06	-3.833307e-08	-3.382274e+01	-2.521646e+03
5.000000e-07	-4.570044e-06	-3.795553e-08	-3.292837e+01	-2.496567e+03
5.100000e-07	-4.444286e-06	-3.755537e-08	-3.202225e+01	-2.470753e+03
5.200000e-07	-4.316937e-06	-3.715512e-08	-3.110467e+01	-2.444432e+03
5.300000e-07	-4.188032e-06	-3.674932e-08	-3.017587e+01	-2.417547e+03
5.400000e-07	-4.057617e-06	-3.632020e-08	-2.923620e+01	-2.389764e+03
5.500000e-07	-3.925625e-06	-3.586272e-08	-2.828516e+01	-2.360691e+03
5.600000e-07	-3.792232e-06	-3.539457e-08	-2.732403e+01	-2.330152e+03
5.700000e-07	-3.657585e-06	-3.492483e-08	-2.635386e+01	-2.298290e+03
5.800000e-07	-3.521565e-06	-3.443770e-08	-2.537380e+01	-2.265422e+03
5.900000e-07	-3.384149e-06	-3.392387e-08	-2.438368e+01	-2.231763e+03
6.000000e-07	-3.245414e-06	-3.338382e-08	-2.338406e+01	-2.197229e+03
6.100000e-07	-3.105367e-06	-3.283290e-08	-2.237499e+01	-2.161481e+03
6.200000e-07	-2.963991e-06	-3.226710e-08	-2.135634e+01	-2.124183e+03
6.300000e-07	-2.821422e-06	-3.167630e-08	-2.032909e+01	-2.085239e+03
6.400000e-07	-2.677789e-06	-3.105707e-08	-1.929418e+01	-2.044839e+03
6.500000e-07	-2.533181e-06	-3.042455e-08	-1.825224e+01	-2.003243e+03
6.600000e-07	-2.387729e-06	-2.977708e-08	-1.720422e+01	-1.960499e+03
6.700000e-07	-2.241415e-06	-2.910160e-08	-1.614999e+01	-1.916323e+03
6.800000e-07	-2.094281e-06	-2.838944e-08	-1.508984e+01	-1.870264e+03
6.900000e-07	-1.946414e-06	-2.764898e-08	-1.402442e+01	-1.822027e+03
7.000000e-07	-1.797894e-06	-2.689036e-08	-1.295430e+01	-1.771686e+03
7.100000e-07	-1.648810e-06	-2.610615e-08	-1.188011e+01	-1.719603e+03
7.200000e-07	-1.499199e-06	-2.528800e-08	-1.080213e+01	-1.666082e+03
7.300000e-07	-1.349135e-06	-2.443357e-08	-9.720872e+00	-1.611045e+03
7.400000e-07	-1.198624e-06	-2.355269e-08	-8.636399e+00	-1.553998e+03
7.500000e-07	-1.047660e-06	-2.264364e-08	-7.548663e+00	-1.494339e+03
7.600000e-07	-8.962809e-07	-2.169847e-08	-6.457940e+00	-1.431781e+03
7.700000e-07	-7.445177e-07	-2.070989e-08	-5.364446e+00	-1.366529e+03
7.800000e-07	-5.925037e-07	-1.968344e-08	-4.269145e+00	-1.299040e+03
7.900000e-07	-4.403128e-07	-1.862112e-08	-3.172570e+00	-1.229523e+03
8.000000e-07	-2.879061e-07	-1.751228e-08	-2.074440e+00	-1.157585e+03
8.100000e-07	-1.353521e-07	-1.634818e-08	-9.752477e-01	-1.082337e+03
8.200000e-07	1.721461e-08	-1.512827e-08	1.240358e-01	-1.002929e+03
8.300000e-07	1.697207e-07	-1.385971e-08	1.222883e+00	-9.190786e+02
8.400000e-07	3.221952e-07	-1.253442e-08	2.321501e+00	-8.311041e+02
8.500000e-07	4.745601e-07	-1.113363e-08	3.419331e+00	-7.392994e+02
8.600000e-07	6.267092e-07	-9.641740e-09	4.515605e+00	-6.430182e+02
8.700000e-07	7.786235e-07	-8.045495e-09	5.610187e+00	-5.401752e+02
8.800000e-07	9.302539e-07	-6.323893e-09	6.702724e+00	-4.276980e+02
8.900000e-07	1.081584e-06	-4.439930e-09	7.793096e+00	-3.028569e+02
9.000000e-07	1.232603e-06	-2.347741e-09	8.881231e+00	-1.647532e+02
9.100000e-07	1.383195e-06	-4.413729e-11	9.966282e+00	-1.503199e+01
9.200000e-07	1.533265e-06	2.382879e-09	1.104758e+01	1.426933e+02
9.300000e-07	1.682810e-06	4.825477e-09	1.212509e+01	3.044025e+02
9.400000e-07	1.831796e-06	7.241913e-09	1.319858e+01	4.672572e+02
9.500000e-07	1.980134e-06	9.650961e-09	1.426739e+01	6.302163e+02
9.600000e-07	2.127746e-06	1.208503e-08	1.533097e+01	7.933084e+02
9.700000e-07	2.274565e-06	1.453436e-08	1.638884e+01	9.560908e+02
9.800000e-07	2.420564e-06	1.696153e-08	1.744080e+01	1.116373e+03
9.900000e-07	2.565691e-06	1.930427e-08	1.848648e+01	1.270120e+03
1.000000e-06	2.709867e-06	2.145124e-08	1.952531e+01	1.412670e+03
1.010000e-06	2.853069e-06	2.334767e-08	2.055711e+01	1.540550e+03
1.020000e-06	2.995198e-06	2.502490e-08	2.158119e+01	1.652795e+03
1.030000e-06	3.136118e-06	2.652206e-08	2.259655e+01	1.751013e+03
1.040000e-06	3.275764e-06	2.786692e-08	2.360274e+01	1.838266e+03
1.050000e-06	3.414208e-06	2.907702e-08	2.460027e+01	1.917506e+03
1.060000e-06	3.551346e-06	3.017242e-08	2.558838e+01	1.990509e+03
1.070000e-06	3.687145e-06	3.117488e-08	2.656685e+01	2.057786e+03
1.080000e-06	3.821654e-06	3.210051e-08	2.753602e+01	2.119280e+03
1.090000e-06	3.954827e-06	3.295677e-08	2.849557e+01	2.175194e+03
1.100000e-06	4.086574e-06	3.374968e-08	2.944484e+01	2.226339e+03
1.110000e-06	4.216804e-06	3.448338e-08	3.038318e+01	2.273863e+03
1.120000e-06	4.345508e-06	3.516510e-08	3.131053e+01	2.318683e+03
1.130000e-06	4.472702e-06	3.580241e-08	3.222699e+01	2.361112e+03
1.140000e-06	4.598440e-06	3.639872e-08	3.313297e+01	2.400963e+03
1.150000e-06	4.722575e-06	3.695649e-08	3.402740e+01	2.437987e+03
1.160000e-06	4.845001e-06	3.748267e-08	3.490951e+01	2.472286e+03
1.170000e-06	4.965664e-06	3.798260e-08	3.577892e+01	2.504367e+03
1.180000e-06	5.084541e-06	3.845491e-08	3.663546e+01	2.534850e+03
1.190000e-06	5.201525e-06	3.890012e-08	3.747836e+01	2.564096e+03
1.200000e-06	5.316433e-06	3.932282e-08	3.830630e+01	2.592055e+03
1.210000e-06	5.429281e-06	3.972481e-08	3.911940e+01	2.618457e+03
1.220000e-06	5.540157e-06	4.010535e-08	3.991829e+01	2.643149e+03
1.230000e-06	5.649081e-06	4.046528e-08	4.070311e+01	2.666309e+03
1.240000e-06	5.755962e-06	4.080657e-08	4.147322e+01	2.688359e+03
1.250000e-06	5.860751e-06	4.113372e-08	4.222825e+01	2.709674e+03
1.260000e-06	5.963471e-06	4.144655e-08	4.296838e+01	2.730323e+03
1.270000e-06	6.064063e-06	4.174578e-08	4.369317e+01	2.750074e+03
1.280000e-06	6.162384e-06	4.203224e-08	4.440160e+01	2.768632e+03
1.290000e-06	6.258449e-06	4.230561e-08	4.509377e+01	2.785923e+03
1.300000e-06	6.352392e-06	4.256448e-08	4.577066e+01	2.802192e+03
1.310000e-06	6.444166e-06	4.280990e-08	4.643191e+01	2.817828e+03
1.320000e-06	6.533647e-06	4.304288e-08	4.707664e+01	2.833079e+03
1.330000e-06	6.620795e-06	4.326457e-08	4.770457e+01	2.847876e+03
1.340000e-06	6.705651e-06	4.347623e-08	4.831598e+01	2.861919e+03
1.350000e-06	6.788172e-06	4.367640e-08	4.891057e+01	2.874939e+03
1.360000e-06	6.868252e-06	4.386650e-08	4.948757e+01	2.886937e+03
1.370000e-06	6.945812e-06	4.404862e-08	5.004640e+01	2.898201e+03
1.380000e-06	7.020747e-06	4.422310e-08	5.058633e+01	2.909097e+03
1.390000e-06	7.093079e-06	4.438989e-08	5.110750e+01	2.919805e+03
1.400000e-06	7.162887e-06	4.454974e-08	5.161049e+01	2.930199e+03
1.410000e-06	7.230098e-06	4.470090e-08	5.209476e+01	2.939974e+03
1.420000e-06	7.294712e-06	4.484327e-08	5.256032e+01	2.948902e+03
1.430000e-06	7.356849e-06	4.497754e-08	5.300803e+01	2.957013e+03
1.440000e-06	7.416408e-06	4.510145e-08	5.343717e+01	2.964573e+03
1.450000e-06	7.473320e-06	4.521675e-08	5.384724e+01	2.971875e+03
1.460000e-06	7.527461e-06	4.532709e-08	5.423734e+01	2.979018e+03
1.470000e-06	7.578527e-06	4.543408e-08	5.460529e+01	2.985853e+03
1.480000e-06	7.626601e-06	4.553580e-08	5.495167e+01	2.992124e+03
1.490000e-06	7.672003e-06	4.562932e-08	5.527880e+01	2.997690e+03
1.500000e-06	7.714683e-06	4.571468e-08	5.558632e+01	3.002642e+03
1.510000e-06	7.754519e-06	4.579413e-08	5.587335e+01	3.007237e+03
1.520000e-06	7.791714e-06	4.586954e-08	5.614135e+01	3.011694e+03
1.530000e-06	7.826242e-06	4.594009e-08	5.639014e+01	3.016024e+03
1.540000e-06	7.857937e-06	4.600489e-08	5.661851e+01	3.020028e+03
1.550000e-06	7.886972e-06	4.606405e-08	5.682771e+01	3.023455e+03
1.560000e-06	7.913232e-06	4.611738e-08	5.701692e+01	3.026191e+03
1.570000e-06	7.936534e-06	4.616181e-08	5.718482e+01	3.028338e+03
1.580000e-06	7.957114e-06	4.619642e-08	5.733310e+01	3.030124e+03
1.590000e-06	7.974935e-06	4.622522e-08	5.746151e+01	3.031730e+03
1.600000e-06	7.989838e-06	4.625138e-08	5.756889e+01	3.033166e+03
1.610000e-06	8.001681e-06	4.627460e-08	5.765422e+01	3.034294e+03
1.620000e-06	8.010404e-06	4.629165e-08	5.771707e+01	3.034963e+03
1.630000e-06	8.016313e-06	4.630109e-08	5.775965e+01	3.035141e+03
1.640000e-06	8.019480e-06	4.630410e-08	5.778246e+01	3.034933e+03
1.650000e-06	8.019798e-06	4.630588e-08	5.778476e+01	3.034489e+03
1.660000e-06	8.017477e-06	4.629615e-08	5.776803e+01	3.033870e+03
1.670000e-06	8.012542e-06	4.628260e-08	5.773248e+01	3.032996e+03
1.680000e-06	8.004894e-06	4.626581e-08	5.767737e+01	3.031721e+03
1.690000e-06	7.994605e-06	4.624206e-08	5.760323e+01	3.029957e+03
1.700000e-06	7.981437e-06	4.621492e-08	5.750836e+01	3.027761e+03
1.710000e-06	7.965543e-06	4.618909e-08	5.739384e+01	3.025302e+03
1.720000e-06	7.947377e-06	4.617385e-08	5.726294e+01	3.022735e+03
1.730000e-06	7.926753e-06	4.608542e-08	5.711434e+01	3.020076e+03
1.740000e-06	7.902958e-06	4.595927e-08	5.694289e+01	3.017177e+03
1.750000e-06	7.875315e-06	4.593777e-08	5.674372e+01	3.013814e+03
1.760000e-06	7.844121e-06	4.591000e-08	5.651896e+01	3.009834e+03
1.770000e-06	7.810351e-06	4.582718e-08	5.627564e+01	3.005253e+03
1.780000e-06	7.774432e-06	4.579083e-08	5.601683e+01	3.000261e+03
1.790000e-06	7.736300e-06	4.578488e-08	5.574208e+01	2.995123e+03
1.800000e-06	7.696128e-06	4.559475e-08	5.545263e+01	2.990058e+03
1.810000e-06	7.653547e-06	4.556981e-08	5.514582e+01	2.985146e+03
1.820000e-06	7.608167e-06	4.554372e-08	5.481885e+01	2.980308e+03
1.830000e-06	7.560113e-06	4.539002e-08	5.447260e+01	2.975336e+03
1.840000e-06	7.508913e-06	4.541183e-08	5.410370e+01	2.969962e+03
1.850000e-06	7.454655e-06	4.523578e-08	5.371275e+01	2.963941e+03
1.860000e-06	7.397720e-06	4.521282e-08	5.330252e+01	2.957133e+03
1.870000e-06	7.338229e-06	4.511233e-08	5.287387e+01	2.949553e+03
1.880000e-06	7.276197e-06	4.492812e-08	5.242692e+01	2.941370e+03
1.890000e-06	7.211310e-06	4.487246e-08	5.195939e+01	2.932816e+03
1.900000e-06	7.143772e-06	4.466319e-08	5.147276e+01	2.924051e+03
1.910000e-06	7.073489e-06	4.458903e-08	5.096635e+01	2.915057e+03
1.920000e-06	7.000505e-06	4.441019e-08	5.044048e+01	2.905627e+03
1.930000e-06	6.924957e-06	4.427257e-08	4.989614e+01	2.895489e+03
1.940000e-06	6.846591e-06	4.412844e-08	4.933149e+01	2.884484e+03
1.950000e-06	6.765752e-06	4.389910e-08	4.874902e+01	2.872681e+03
1.960000e-06	6.682555e-06	4.377056e-08	4.814957e+01	2.860345e+03
1.970000e-06	6.596871e-06	4.350670e-08	4.753220e+01	2.847770e+03
1.980000e-06	6.508765e-06	4.335595e-08	4.689737e+01	2.835085e+03
1.990000e-06	6.418465e-06	4.315051e-08	4.624673e+01	2.822168e+03
2.000000e-06	6.326018e-06	4.295006e-08	4.558063e+01	2.808736e+03
2.010000e-06	6.231175e-06	4.274116e-08	4.489726e+01	2.794539e+03
2.020000e-06	6.134099e-06	4.249079e-08	4.419780e+01	2.779509e+03
2.030000e-06	6.034914e-06	4.228411e-08	4.348314e+01	2.763770e+03
2.040000e-06	5.933526e-06	4.200649e-08	4.275262e+01	2.747499e+03
2.050000e-06	5.829899e-06	4.177409e-08	4.200596e+01	2.730766e+03
2.060000e-06	5.724304e-06	4.147602e-08	4.124512e+01	2.713474e+03
2.070000e-06	5.616786e-06	4.122021e-08	4.047042e+01	2.695455e+03
2.080000e-06	5.507213e-06	4.093018e-08	3.968092e+01	2.676628e+03
2.090000e-06	5.395559e-06	4.064083e-08	3.887643e+01	2.657072e+03
2.100000e-06	5.281858e-06	4.033307e-08	3.805718e+01	2.636956e+03
2.110000e-06	5.166159e-06	4.000864e-08	3.722353e+01	2.616365e+03
2.120000e-06	5.048368e-06	3.969566e-08	3.637482e+01	2.595178e+03
2.130000e-06	4.928575e-06	3.934801e-08	3.551168e+01	2.573106e+03
2.140000e-06	4.807030e-06	3.900134e-08	3.463592e+01	2.549889e+03
2.150000e-06	4.683850e-06	3.861686e-08	3.374837e+01	2.525491e+03
2.160000e-06	4.558967e-06	3.824774e-08	3.284856e+01	2.500138e+03
2.170000e-06	4.432429e-06	3.784893e-08	3.193682e+01	2.474145e+03
2.180000e-06	4.304278e-06	3.744901e-08	3.101346e+01	2.447663e+03
2.190000e-06	4.174651e-06	3.702447e-08	3.007946e+01	2.420532e+03
2.200000e-06	4.043551e-06	3.659667e-08	2.913485e+01	2.392368e+03
2.210000e-06	3.910962e-06	3.615028e-08	2.817951e+01	2.362826e+03
2.220000e-06	3.776980e-06	3.568139e-08	2.721413e+01	2.331830e+03
2.230000e-06	3.641613e-06	3.518831e-08	2.623878e+01	2.299607e+03
2.240000e-06	3.504924e-06	3.467422e-08	2.525390e+01	2.266472e+03
2.250000e-06	3.367017e-06	3.415681e-08	2.426025e+01	2.232554e+03
2.260000e-06	3.227849e-06	3.362216e-08	2.325750e+01	2.197670e+03
2.270000e-06	3.087396e-06	3.307266e-08	2.224550e+01	2.161450e+03
2.280000e-06	2.945832e-06	3.249551e-08	2.122550e+01	2.123615e+03
2.290000e-06	2.803149e-06	3.190246e-08	2.019742e+01	2.084171e+03
2.300000e-06	2.659293e-06	3.128382e-08	1.916091e+01	2.043361e+03
2.310000e-06	2.514456e-06	3.064386e-08	1.811732e+01	2.001404e+03
2.320000e-06	2.368836e-06	2.997604e-08	1.706809e+01	1.958242e+03
2.330000e-06	2.222452e-06	2.928796e-08	1.601335e+01	1.913507e+03
2.340000e-06	2.075251e-06	2.857557e-08	1.495273e+01	1.866763e+03
2.350000e-06	1.927269e-06	2.783759e-08	1.388648e+01	1.817820e+03
2.360000e-06	1.778614e-06	2.706672e-08	1.281538e+01	1.766872e+03
2.370000e-06	1.629383e-06	2.626925e-08	1.174013e+01	1.714305e+03
2.380000e-06	1.479629e-06	2.544745e-08	1.066112e+01	1.660326e+03
2.390000e-06	1.329360e-06	2.459649e-08	9.578388e+00	1.604708e+03
2.400000e-06	1.178586e-06	2.370929e-08	8.492021e+00	1.546878e+03
2.410000e-06	1.027396e-06	2.278207e-08	7.402656e+00	1.486292e+03
2.420000e-06	8.758614e-07	2.182028e-08	6.310812e+00	1.422823e+03
2.430000e-06	7.240182e-07	2.082101e-08	5.216742e+00	1.356801e+03
2.440000e-06	5.719236e-07	1.978550e-08	4.120861e+00	1.288660e+03
2.450000e-06	4.195908e-07	1.870857e-08	3.023262e+00	1.218436e+03
2.460000e-06	2.671140e-07	1.758993e-08	1.924627e+00	1.145540e+03
2.470000e-06	1.146061e-07	1.642303e-08	8.257675e-01	1.069026e+03
2.480000e-06	-3.792215e-08	1.520467e-08	-2.732391e-01	9.881836e+02
2.490000e-06	-1.903979e-07	1.392483e-08	-1.371867e+00	9.029536e+02
2.500000e-06	-3.427733e-07	1.257506e-08	-2.469772e+00	8.137412e+02
2.510000e-06	-4.950739e-07	1.114858e-08	-3.567138e+00	7.206324e+02
2.520000e-06	-6.471979e-07	9.634528e-09	-4.663231e+00	6.225336e+02
2.530000e-06	-7.990316e-07	8.013961e-09	-5.757233e+00	5.169425e+02
2.540000e-06	-9.505116e-07	6.258191e-09	-6.848686e+00	4.007249e+02
2.550000e-06	-1.101625e-06	4.333481e-09	-7.937499e+00	2.715973e+02
2.560000e-06	-1.252308e-06	2.194696e-09	-9.023212e+00	1.294594e+02
2.570000e-06	-1.402537e-06	-1.669635e-10	-1.010565e+01	-2.328711e+01
2.580000e-06	-1.552318e-06	-2.655663e-09	-1.118486e+01	-1.827033e+02
2.590000e-06	-1.701580e-06	-5.173144e-09	-1.226033e+01	-3.450058e+02
2.600000e-06	-1.850205e-06	-7.700133e-09	-1.333121e+01	-5.079324e+02
2.610000e-06	-1.998083e-06	-1.022557e-08	-1.439671e+01	-6.709226e+02
2.620000e-06	-2.145248e-06	-1.273718e-08	-1.545708e+01	-8.340324e+02
2.630000e-06	-2.291691e-06	-1.524407e-08	-1.651223e+01	-9.963527e+02
2.640000e-06	-2.437331e-06	-1.773949e-08	-1.756161e+01	-1.155041e+03
2.650000e-06	-2.582107e-06	-2.010079e-08	-1.860476e+01	-1.305679e+03
2.660000e-06	-2.725900e-06	-2.220660e-08	-1.964083e+01	-1.443791e+03
2.670000e-06	-2.868637e-06	-2.406105e-08	-2.066928e+01	-1.566618e+03
2.680000e-06	-3.010367e-06	-2.570409e-08	-2.169049e+01	-1.674080e+03
2.690000e-06	-3.150974e-06	-2.717160e-08	-2.270360e+01	-1.768417e+03
2.700000e-06	-3.290350e-06	-2.848914e-08	-2.370783e+01	-1.852819e+03
2.710000e-06	-3.428507e-06	-2.967846e-08	-2.470329e+01	-1.929931e+03
2.720000e-06	-3.565371e-06	-3.075989e-08	-2.568944e+01	-2.001086e+03
2.730000e-06	-3.700848e-06	-3.174670e-08	-2.666558e+01	-2.066514e+03
2.740000e-06	-3.834966e-06	-3.265068e-08	-2.763194e+01	-2.126167e+03
2.750000e-06	-3.967642e-06	-3.348256e-08	-2.858791e+01	-2.180435e+03
2.760000e-06	-4.098904e-06	-3.425387e-08	-2.953368e+01	-2.230293e+03
2.770000e-06	-4.228787e-06	-3.497275e-08	-3.046953e+01	-2.276876e+03
2.780000e-06	-4.357161e-06	-3.564196e-08	-3.139449e+01	-2.320926e+03
2.790000e-06	-4.483972e-06	-3.626723e-08	-3.230820e+01	-2.362562e+03
2.800000e-06	-4.609135e-06	-3.685550e-08	-3.321003e+01	-2.401523e+03
2.810000e-06	-4.732703e-06	-3.741022e-08	-3.410037e+01	-2.437640e+03
2.820000e-06	-4.854593e-06	-3.792939e-08	-3.497862e+01	-2.471159e+03
2.830000e-06	-4.974646e-06	-3.841423e-08	-3.584364e+01	-2.502667e+03
2.840000e-06	-5.092807e-06	-3.887101e-08	-3.669502e+01	-2.532736e+03
2.850000e-06	-5.208975e-06	-3.930300e-08	-3.753204e+01	-2.561593e+03
2.860000e-06	-5.322998e-06	-3.971225e-08	-3.835360e+01	-2.589084e+03
2.870000e-06	-5.434869e-06	-4.009797e-08	-3.915966e+01	-2.614941e+03
2.880000e-06	-5.544767e-06	-4.046436e-08	-3.995151e+01	-2.639108e+03
2.890000e-06	-5.652729e-06	-4.081678e-08	-4.072940e+01	-2.661863e+03
2.900000e-06	-5.758760e-06	-4.115470e-08	-4.149338e+01	-2.683650e+03
2.910000e-06	-5.862761e-06	-4.147504e-08	-4.224273e+01	-2.704762e+03
2.920000e-06	-5.964608e-06	-4.177718e-08	-4.297657e+01	-2.725160e+03
2.930000e-06	-6.064329e-06	-4.206298e-08	-4.369509e+01	-2.744556e+03
2.940000e-06	-6.161952e-06	-4.233362e-08	-4.439849e+01	-2.762701e+03
2.950000e-06	-6.257359e-06	-4.258904e-08	-4.508592e+01	-2.779627e+03
2.960000e-06	-6.350482e-06	-4.283111e-08	-4.575689e+01	-2.795654e+03
2.970000e-06	-6.441425e-06	-4.306470e-08	-4.641216e+01	-2.811155e+03
2.980000e-06	-6.530143e-06	-4.329318e-08	-4.705140e+01	-2.826285e+03
2.990000e-06	-6.616493e-06	-4.351269e-08	-4.767357e+01	-2.840879e+03
3.000000e-06	-6.700413e-06	-4.371696e-08	-4.827824e+01	-2.854615e+03
3.010000e-06	-6.782002e-06	-4.390501e-08	-4.886611e+01	-2.867293e+03
3.020000e-06	-6.861151e-06	-4.408168e-08	-4.943640e+01	-2.879017e+03
3.030000e-06	-6.937663e-06	-4.425133e-08	-4.998769e+01	-2.890129e+03
3.040000e-06	-7.011558e-06	-4.441342e-08	-5.052012e+01	-2.900962e+03
3.050000e-06	-7.082916e-06	-4.456620e-08	-5.103428e+01	-2.911598e+03
3.060000e-06	-7.151752e-06	-4.471029e-08	-5.153026e+01	-2.921831e+03
3.070000e-06	-7.218066e-06	-4.484836e-08	-5.200806e+01	-2.931350e+03
3.080000e-06	-7.281838e-06	-4.497800e-08	-5.246756e+01	-2.940000e+03
3.090000e-06	-7.342980e-06	-4.509690e-08	-5.290811e+01	-2.947901e+03
3.100000e-06	-7.401452e-06	-4.520665e-08	-5.332941e+01	-2.955355e+03
3.110000e-06	-7.457198e-06	-4.531135e-08	-5.373108e+01	-2.962610e+03
3.120000e-06	-7.510149e-06	-4.541313e-08	-5.411260e+01	-2.969682e+03
3.130000e-06	-7.560071e-06	-4.550702e-08	-5.447230e+01	-2.976365e+03
3.140000e-06	-7.606956e-06	-4.559010e-08	-5.481012e+01	-2.982417e+03
3.150000e-06	-7.651258e-06	-4.566566e-08	-5.512933e+01	-2.987766e+03
3.160000e-06	-7.693149e-06	-4.573719e-08	-5.543116e+01	-2.992575e+03
3.170000e-06	-7.732403e-06	-4.580275e-08	-5.571400e+01	-2.997112e+03
3.180000e-06	-7.768887e-06	-4.585992e-08	-5.597688e+01	-3.001541e+03
3.190000e-06	-7.802668e-06	-4.591081e-08	-5.622027e+01	-3.005797e+03
3.200000e-06	-7.833627e-06	-4.595938e-08	-5.644335e+01	-3.009642e+03
3.210000e-06	-7.861736e-06	-4.600365e-08	-5.664588e+01	-3.012851e+03
3.220000e-06	-7.887149e-06	-4.603842e-08	-5.682899e+01	-3.015380e+03
3.230000e-06	-7.909796e-06	-4.606405e-08	-5.699216e+01	-3.017387e+03
3.240000e-06	-7.929611e-06	-4.608357e-08	-5.713494e+01	-3.019105e+03
3.250000e-06	-7.946639e-06	-4.609965e-08	-5.725763e+01	-3.020667e+03
3.260000e-06	-7.960642e-06	-4.611088e-08	-5.735853e+01	-3.022025e+03
3.270000e-06	-7.971512e-06	-4.611593e-08	-5.743684e+01	-3.023020e+03
3.280000e-06	-7.979523e-06	-4.611726e-08	-5.749456e+01	-3.023530e+03
3.290000e-06	-7.984704e-06	-4.611636e-08	-5.753189e+01	-3.023569e+03
3.300000e-06	-7.987081e-06	-4.610925e-08	-5.754902e+01	-3.023274e+03
3.310000e-06	-7.986740e-06	-4.609596e-08	-5.754657e+01	-3.022776e+03
