1.388112e+03
1.408460e+03
1.404170e+03
1.415936e+03
1.400728e+03
1.394278e+03
1.384474e+03
1.363286e+03
1.357407e+03
1.348143e+03
1.330012e+03
1.318862e+03
1.314085e+03
1.299191e+03
1.301523e+03
1.298241e+03
1.287336e+03
1.284704e+03
1.274991e+03
1.283087e+03
1.266709e+03
1.260302e+03
1.238733e+03
1.232291e+03
1.201470e+03
1.191158e+03
1.175168e+03
1.177112e+03
1.157164e+03
1.142908e+03
1.129319e+03
1.119323e+03
1.106663e+03
1.092233e+03
1.082317e+03
1.044010e+03
1.012216e+03
9.817599e+02
9.445353e+02
